47.6861496,12.0568466,1006
47.6861916,12.0568676,1005
47.6861916,12.0568419,1006
47.6861839,12.0568562,1005
47.6862411,12.0567780,1005
47.6863403,12.0566378,1007
47.6864052,12.0565062,1006
47.6864548,12.0564299,1006
47.6864548,12.0564451,1006
47.6865463,12.0563841,1006
47.6865540,12.0563583,1006
47.6865883,12.0560989,1005
47.6866112,12.0560303,1005
47.6865921,12.0557337,1005
47.6865807,12.0556479,1006
47.6865196,12.0553989,1006
47.6865005,12.0553312,1007
47.6865120,12.0552893,1005
47.6865578,12.0552645,1008
47.6865845,12.0552492,1007
47.6866531,12.0552034,1008
47.6867294,12.0551682,1010
47.6868362,12.0551186,1010
47.6869164,12.0550957,1010
47.6869965,12.0550594,1010
47.6869888,12.0550680,1010
47.6870461,12.0550241,1010
47.6871300,12.0549698,1010
47.6872482,12.0549116,1008
47.6873932,12.0548687,1008
47.6875534,12.0548296,1007
47.6877213,12.0547781,1007
47.6878853,12.0547237,1007
47.6880531,12.0546360,1010
47.6881828,12.0544510,1009
47.6882591,12.0542612,1009
47.6883430,12.0541182,1009
47.6884117,12.0540380,1010
47.6884537,12.0540457,1010
47.6884995,12.0539598,1011
47.6884918,12.0538349,1011
47.6884880,12.0535707,1012
47.6885796,12.0533943,1014
47.6886940,12.0534868,1015
47.6888046,12.0536480,1017
47.6889458,12.0537615,1017
47.6890450,12.0538406,1018
47.6890640,12.0538397,1018
47.6891632,12.0539474,1017
47.6892433,12.0539989,1017
47.6892776,12.0539551,1017
47.6893196,12.0538006,1020
47.6893196,12.0537729,1021
47.6893196,12.0537405,1022
47.6893158,12.0536509,1021
47.6892891,12.0535975,1022
47.6892090,12.0534897,1022
47.6892090,12.0534601,1022
47.6893539,12.0534639,1022
47.6893578,12.0534525,1023
47.6893578,12.0534515,1023
47.6893730,12.0534601,1022
47.6894112,12.0534992,1023
47.6894264,12.0535135,1021
47.6894913,12.0535316,1021
47.6895409,12.0535526,1019
47.6896019,12.0535908,1018
47.6895981,12.0535793,1019
47.6895638,12.0535345,1020
47.6894379,12.0534859,1021
47.6894073,12.0534849,1022
47.6893806,12.0534887,1022
47.6892548,12.0533953,1023
47.6891975,12.0533237,1023
47.6891136,12.0532026,1023
47.6890335,12.0531569,1023
47.6889915,12.0531397,1022
47.6889381,12.0530977,1022
47.6888924,12.0529327,1021
47.6888542,12.0528469,1021
47.6887856,12.0526981,1021
47.6887817,12.0526838,1021
47.6888084,12.0525093,1022
47.6887817,12.0523930,1024
47.6887932,12.0523205,1024
47.6887665,12.0522413,1023
47.6888275,12.0521078,1026
47.6888428,12.0520725,1026
47.6888466,12.0520315,1027
47.6888161,12.0520086,1028
47.6887741,12.0520353,1028
47.6887474,12.0520706,1026
47.6887550,12.0520115,1024
47.6887512,12.0519361,1023
47.6887627,12.0519009,1025
47.6887360,12.0518637,1027
47.6887016,12.0518551,1029
47.6886978,12.0518198,1026
47.6886940,12.0518236,1030
47.6886940,12.0518246,1029
47.6886864,12.0518188,1028
47.6886711,12.0518026,1027
47.6886597,12.0517321,1026
47.6886559,12.0516682,1025
47.6886597,12.0515823,1029
47.6886749,12.0515451,1029
47.6887016,12.0514679,1031
47.6887360,12.0513849,1031
47.6887589,12.0513258,1034
47.6887779,12.0512295,1035
47.6887970,12.0511684,1037
47.6888275,12.0511160,1039
47.6888847,12.0510626,1042
47.6889191,12.0510044,1045
47.6889153,12.0509329,1047
47.6889381,12.0508451,1048
47.6889343,12.0507259,1049
47.6889038,12.0506144,1051
47.6889038,12.0505342,1053
47.6888924,12.0504742,1053
47.6888809,12.0504627,1054
47.6888695,12.0504656,1054
47.6888428,12.0503817,1056
47.6888046,12.0502787,1057
47.6888466,12.0502434,1059
47.6888390,12.0501728,1063
47.6888275,12.0500946,1064
47.6888237,12.0499802,1066
47.6888351,12.0498438,1069
47.6888466,12.0497561,1071
47.6888885,12.0497274,1072
47.6888542,12.0496216,1072
47.6888962,12.0495548,1074
47.6889572,12.0494709,1078
47.6890106,12.0494061,1080
47.6890526,12.0493393,1083
47.6890907,12.0492382,1084
47.6891479,12.0491590,1085
47.6892204,12.0490465,1087
47.6892395,12.0490284,1090
47.6892357,12.0490303,1088
47.6892433,12.0490227,1087
47.6893044,12.0489721,1088
47.6893692,12.0489101,1089
47.6894264,12.0488310,1091
47.6894798,12.0487318,1093
47.6895828,12.0486851,1095
47.6895943,12.0486870,1094
47.6896172,12.0487280,1095
47.6896591,12.0487051,1096
47.6897125,12.0486565,1096
47.6897507,12.0486288,1097
47.6897926,12.0486078,1097
47.6898422,12.0485725,1097
47.6899223,12.0484934,1098
47.6899185,12.0484991,1098
47.6899223,12.0485001,1098
47.6899300,12.0484934,1097
47.6899338,12.0484991,1098
47.6899185,12.0485353,1098
47.6899261,12.0485249,1097
47.6899261,12.0485096,1097
47.6899261,12.0485315,1097
47.6899300,12.0485268,1098
47.6899338,12.0485325,1097
47.6899643,12.0485468,1098
47.6899834,12.0485172,1098
47.6901283,12.0484257,1101
47.6901932,12.0483704,1101
47.6902542,12.0483570,1100
47.6903572,12.0483236,1102
47.6903610,12.0483112,1101
47.6903763,12.0482960,1103
47.6904488,12.0483112,1104
47.6905212,12.0482759,1107
47.6905823,12.0482454,1109
47.6905937,12.0482569,1102
47.6905975,12.0482559,1111
47.6906090,12.0482473,1109
47.6906586,12.0482121,1110
47.6907196,12.0481625,1113
47.6907501,12.0480919,1112
47.6907310,12.0480433,1113
47.6907158,12.0480328,1112
47.6906891,12.0479898,1113
47.6906204,12.0479403,1114
47.6906090,12.0479193,1113
47.6905785,12.0478697,1113
47.6905823,12.0478344,1113
47.6905708,12.0478411,1114
47.6905632,12.0478373,1113
47.6905365,12.0478392,1113
47.6905212,12.0477924,1113
47.6904716,12.0476885,1114
47.6904106,12.0475283,1117
47.6903725,12.0473642,1119
47.6903496,12.0472126,1119
47.6903343,12.0470533,1121
47.6903114,12.0468950,1123
47.6903076,12.0468569,1123
47.6902580,12.0467100,1124
47.6902390,12.0466490,1124
47.6901894,12.0465841,1126
47.6901703,12.0465717,1125
47.6901512,12.0464745,1127
47.6901665,12.0464525,1127
47.6901855,12.0464716,1128
47.6901932,12.0464773,1128
47.6903267,12.0465202,1128
47.6903992,12.0466051,1129
47.6904335,12.0466270,1128
47.6904678,12.0466557,1129
47.6905479,12.0467834,1130
47.6906052,12.0468397,1131
47.6906586,12.0468998,1131
47.6907158,12.0469675,1131
47.6907921,12.0470629,1131
47.6908188,12.0470905,1132
47.6908379,12.0470915,1132
47.6909180,12.0471888,1133
47.6910095,12.0472832,1133
47.6911011,12.0473194,1135
47.6911888,12.0472956,1135
47.6911964,12.0473013,1136
47.6913185,12.0472422,1137
47.6913452,12.0472174,1137
47.6913795,12.0472155,1137
47.6912994,12.0472794,1136
47.6912384,12.0473204,1136
47.6912270,12.0473204,1135
47.6911964,12.0473166,1135
47.6911888,12.0473423,1134
47.6911888,12.0473261,1134
47.6912231,12.0473213,1137
47.6912384,12.0473137,1136
47.6912956,12.0472765,1136
47.6913948,12.0471964,1136
47.6914291,12.0471697,1140
47.6914368,12.0471592,1136
47.6914978,12.0471125,1139
47.6915970,12.0470543,1139
47.6916161,12.0470505,1140
47.6917381,12.0470047,1139
47.6918640,12.0470285,1142
47.6919060,12.0470343,1145
47.6919594,12.0470486,1145
47.6920471,12.0470791,1143
47.6920547,12.0470839,1147
47.6920624,12.0470886,1147
47.6920891,12.0471087,1148
47.6920967,12.0471220,1147
47.6921196,12.0471506,1147
47.6921539,12.0471601,1149
47.6921959,12.0472803,1149
47.6922188,12.0475225,1149
47.6922264,12.0475655,1149
47.6922417,12.0475903,1148
47.6922722,12.0476723,1150
47.6922836,12.0476999,1149
47.6922913,12.0477257,1150
47.6922989,12.0477648,1151
47.6923103,12.0478449,1150
47.6923103,12.0479298,1151
47.6923065,12.0480108,1151
47.6923065,12.0480375,1148
47.6923065,12.0480938,1150
47.6923218,12.0481043,1150
47.6923256,12.0481882,1152
47.6923294,12.0483465,1151
47.6923256,12.0484514,1150
47.6923447,12.0486650,1150
47.6923447,12.0488024,1151
47.6923256,12.0489836,1152
47.6923103,12.0491333,1152
47.6923103,12.0491896,1153
47.6923103,12.0492172,1151
47.6923141,12.0493317,1153
47.6923141,12.0493355,1152
47.6923370,12.0493765,1153
47.6923637,12.0495491,1151
47.6923752,12.0496511,1155
47.6923790,12.0496664,1153
47.6924133,12.0498133,1151
47.6924171,12.0498400,1154
47.6924210,12.0498648,1153
47.6924286,12.0498953,1154
47.6924706,12.0500393,1154
47.6925049,12.0501833,1153
47.6925392,12.0503130,1154
47.6925507,12.0503407,1152
47.6925545,12.0503531,1156
47.6925583,12.0503664,1155
47.6925697,12.0504255,1152
47.6925735,12.0504389,1155
47.6925812,12.0504522,1155
47.6926155,12.0505295,1155
47.6926270,12.0505581,1154
47.6926880,12.0506639,1156
47.6927071,12.0506849,1154
47.6928177,12.0507460,1154
47.6929398,12.0508099,1153
47.6930542,12.0508947,1153
47.6931038,12.0509291,1151
47.6931152,12.0509338,1152
47.6931458,12.0509615,1150
47.6931763,12.0509739,1152
47.6932564,12.0509739,1152
47.6933289,12.0510187,1151
47.6933594,12.0511084,1149
47.6933632,12.0512962,1148
47.6934319,12.0515079,1149
47.6935310,12.0516043,1149
47.6935425,12.0516119,1146
47.6935463,12.0516176,1149
47.6935539,12.0516205,1149
47.6935921,12.0516520,1149
47.6936340,12.0518408,1148
47.6936607,12.0520067,1148
47.6937180,12.0521889,1147
47.6937447,12.0522594,1148
47.6937904,12.0524101,1148
47.6938095,12.0524960,1148
47.6938248,12.0525980,1147
47.6938629,12.0527344,1147
47.6938972,12.0528727,1147
47.6939430,12.0530128,1145
47.6939507,12.0530338,1147
47.6939583,12.0530796,1145
47.6940498,12.0532570,1144
47.6940727,12.0533075,1146
47.6941261,12.0534325,1145
47.6942024,12.0535860,1144
47.6942329,12.0537100,1144
47.6942749,12.0537510,1137
47.6942825,12.0537519,1146
47.6942863,12.0537577,1142
47.6942940,12.0538540,1141
47.6943359,12.0539846,1141
47.6943321,12.0540962,1142
47.6943741,12.0542259,1140
47.6944275,12.0543671,1138
47.6944351,12.0543804,1139
47.6944427,12.0543995,1140
47.6944733,12.0544472,1139
47.6945343,12.0545349,1138
47.6945457,12.0546217,1138
47.6945915,12.0547295,1135
47.6946411,12.0548563,1135
47.6947098,12.0549889,1134
47.6947136,12.0550070,1134
47.6947365,12.0551548,1133
47.6947899,12.0552158,1133
47.6947517,12.0552607,1132
47.6947784,12.0553875,1128
47.6947975,12.0554113,1130
47.6947937,12.0554333,1128
47.6948433,12.0555468,1127
47.6948700,12.0556355,1126
47.6948967,12.0557280,1123
47.6949387,12.0558891,1124
47.6949768,12.0560160,1123
47.6950264,12.0560818,1118
47.6950378,12.0560741,1126
47.6950531,12.0560570,1122
47.6951065,12.0561771,1121
47.6950989,12.0561867,1122
47.6951294,12.0562201,1122
47.6951485,12.0562382,1119
47.6951981,12.0562639,1121
47.6952362,12.0563469,1121
47.6953011,12.0563803,1122
47.6952744,12.0564423,1121
47.6953011,12.0564537,1120
47.6954041,12.0564518,1119
47.6954269,12.0564661,1118
47.6954613,12.0564671,1119
47.6955414,12.0564899,1118
47.6955986,12.0565138,1116
47.6956558,12.0565386,1112
47.6956635,12.0565500,1119
47.6956787,12.0565586,1116
47.6956825,12.0565681,1120
47.6956902,12.0565681,1120
47.6956940,12.0565720,1117
47.6956978,12.0565758,1120
47.6957054,12.0565777,1117
47.6957664,12.0566034,1117
47.6958466,12.0566111,1118
47.6958771,12.0566282,1117
47.6958923,12.0566311,1118
47.6959381,12.0566244,1119
47.6959457,12.0566168,1118
47.6960144,12.0566196,1117
47.6960907,12.0565805,1118
47.6961365,12.0565996,1114
47.6961479,12.0566044,1119
47.6961632,12.0566111,1116
47.6962051,12.0566168,1118
47.6962624,12.0566301,1117
47.6962891,12.0566540,1118
47.6963081,12.0566673,1119
47.6964493,12.0569038,1116
47.6964531,12.0569162,1116
47.6964607,12.0569277,1119
47.6964645,12.0569391,1119
47.6964836,12.0570049,1118
47.6965103,12.0570621,1118
47.6965561,12.0571337,1119
47.6965637,12.0571432,1119
47.6965752,12.0571804,1118
47.6966286,12.0573111,1118
47.6966705,12.0574064,1117
47.6966782,12.0574112,1120
47.6966782,12.0574074,1119
47.6966934,12.0574188,1121
47.6967049,12.0574274,1119
47.6967354,12.0574474,1120
47.6967545,12.0574646,1118
47.6967697,12.0574684,1120
47.6968002,12.0574684,1119
47.6968193,12.0574741,1120
47.6968651,12.0574799,1120
47.6968880,12.0574837,1119
47.6969109,12.0574808,1121
47.6969299,12.0574770,1120
47.6970024,12.0574436,1119
47.6970367,12.0574026,1120
47.6970596,12.0574055,1120
47.6970940,12.0573902,1121
47.6971016,12.0573902,1117
47.6971092,12.0573874,1121
47.6971283,12.0573950,1119
47.6972580,12.0573549,1121
47.6972694,12.0573502,1121
47.6972923,12.0573206,1120
47.6973495,12.0572548,1120
47.6973495,12.0572500,1115
47.6973534,12.0572453,1123
47.6973572,12.0572424,1118
47.6973686,12.0572300,1122
47.6973763,12.0572243,1120
47.6974716,12.0571585,1121
47.6974983,12.0571156,1119
47.6975136,12.0570974,1121
47.6976280,12.0570612,1117
47.6976318,12.0570602,1121
47.6976700,12.0570583,1120
47.6976929,12.0570574,1118
47.6977005,12.0570574,1119
47.6977844,12.0570936,1119
47.6977997,12.0570908,1117
47.6978455,12.0571384,1117
47.6978531,12.0571375,1121
47.6978569,12.0571384,1118
47.6979141,12.0571184,1120
47.6980019,12.0571127,1119
47.6980247,12.0571136,1119
47.6980476,12.0571079,1120
47.6981277,12.0571613,1121
47.6982193,12.0571947,1121
47.6983185,12.0571976,1121
47.6983986,12.0571671,1121
47.6984253,12.0571365,1121
47.6984596,12.0571108,1121
47.6985321,12.0570211,1121
47.6985664,12.0569658,1122
47.6986046,12.0569334,1122
47.6986465,12.0568590,1122
47.6986923,12.0566626,1122
47.6986542,12.0564756,1122
47.6986580,12.0563660,1122
47.6986885,12.0563354,1122
47.6987000,12.0563250,1122
47.6987381,12.0563250,1122
47.6987762,12.0563011,1122
47.6988640,12.0563459,1122
47.6988029,12.0562782,1122
47.6987686,12.0562391,1124
47.6987305,12.0561132,1127
47.6987038,12.0560684,1128
47.6987114,12.0559931,1130
47.6987190,12.0559444,1131
47.6986961,12.0558176,1132
47.6986313,12.0557241,1134
47.6986198,12.0555849,1137
47.6986618,12.0554819,1139
47.6986771,12.0553322,1140
47.6986961,12.0552483,1142
47.6986732,12.0551691,1144
47.6986656,12.0551367,1144
47.6986656,12.0549936,1145
47.6987152,12.0548830,1147
47.6986389,12.0548506,1148
47.6985741,12.0548449,1149
47.6985817,12.0547333,1151
47.6985970,12.0546675,1152
47.6986351,12.0545826,1152
47.6986771,12.0546370,1152
47.6987457,12.0547314,1153
47.6987495,12.0547667,1153
47.6986923,12.0547752,1154
47.6986313,12.0546970,1153
47.6985779,12.0546913,1152
47.6985512,12.0547333,1152
47.6985626,12.0547915,1152
47.6985512,12.0549583,1151
47.6985474,12.0549793,1151
47.6985207,12.0550985,1150
47.6985168,12.0551119,1150
47.6985207,12.0551519,1150
47.6984749,12.0552340,1150
47.6984177,12.0552874,1152
47.6983490,12.0553570,1152
47.6982727,12.0554104,1153
47.6982193,12.0554209,1153
47.6981583,12.0554037,1154
47.6981277,12.0553989,1155
47.6980667,12.0554590,1158
47.6980324,12.0553818,1157
47.6980095,12.0553045,1156
47.6979866,12.0552654,1159
47.6979637,12.0552578,1154
47.6979599,12.0552349,1159
47.6979485,12.0552158,1155
47.6979446,12.0551968,1155
47.6979446,12.0551805,1159
47.6979065,12.0551243,1155
47.6979027,12.0551081,1160
47.6978989,12.0550833,1156
47.6978989,12.0550737,1161
47.6978951,12.0550623,1157
47.6978798,12.0550404,1160
47.6978683,12.0550032,1155
47.6978683,12.0549994,1164
47.6978722,12.0549889,1159
47.6978607,12.0549555,1163
47.6978645,12.0549278,1157
47.6978836,12.0549164,1164
47.6978874,12.0549173,1159
47.6978874,12.0549183,1163
47.6978493,12.0548849,1159
47.6978455,12.0548735,1164
47.6978188,12.0548115,1166
47.6978226,12.0547953,1162
47.6978302,12.0547819,1167
47.6978607,12.0546923,1167
47.6978493,12.0546360,1168
47.6978226,12.0545683,1172
47.6978188,12.0545559,1167
47.6978035,12.0544815,1172
47.6977997,12.0544729,1169
47.6977921,12.0544443,1173
47.6977882,12.0544491,1169
47.6977921,12.0544453,1172
47.6978188,12.0543804,1172
47.6978264,12.0543814,1174
47.6978264,12.0543861,1172
47.6978722,12.0544243,1174
47.6978531,12.0543909,1176
47.6978569,12.0543747,1172
47.6978569,12.0543604,1177
47.6978416,12.0543299,1173
47.6978645,12.0543051,1178
47.6978722,12.0542965,1173
47.6978683,12.0542841,1177
47.6978111,12.0541954,1177
47.6977806,12.0541153,1179
47.6977730,12.0540743,1180
47.6977272,12.0540390,1182
47.6976776,12.0539923,1182
47.6976547,12.0538998,1185
47.6976776,12.0538521,1184
47.6977081,12.0537243,1185
47.6977386,12.0536413,1185
47.6977539,12.0535326,1189
47.6977501,12.0534573,1186
47.6977615,12.0533972,1189
47.6977997,12.0532446,1190
47.6978073,12.0532322,1187
47.6978111,12.0532179,1192
47.6978188,12.0532036,1188
47.6978340,12.0531454,1192
47.6978378,12.0531330,1188
47.6978455,12.0531178,1193
47.6978493,12.0531073,1189
47.6978531,12.0530949,1194
47.6978836,12.0530519,1193
47.6978912,12.0530415,1190
47.6978951,12.0530262,1193
47.6979103,12.0529337,1192
47.6979523,12.0528278,1195
47.6979828,12.0527840,1196
47.6980286,12.0527000,1195
47.6980324,12.0526619,1196
47.6980515,12.0525990,1196
47.6980553,12.0529232,1198
47.6980629,12.0529060,1197
47.6981163,12.0527124,1200
47.6981354,12.0526505,1201
47.6981583,12.0526209,1200
47.6982040,12.0525312,1199
47.6982155,12.0524712,1200
47.6982346,12.0524321,1200
47.6982498,12.0524073,1202
47.6982574,12.0523939,1201
47.6982994,12.0522594,1200
47.6983185,12.0522156,1205
47.6983643,12.0522165,1204
47.6983795,12.0522375,1205
47.6983948,12.0522909,1201
47.6984024,12.0523090,1206
47.6984482,12.0523643,1202
47.6984634,12.0523682,1209
47.6984673,12.0523682,1205
47.6985016,12.0523510,1209
47.6985016,12.0523500,1203
47.6985092,12.0523405,1210
47.6985168,12.0523415,1206
47.6985283,12.0523453,1208
47.6986046,12.0523176,1211
47.6986389,12.0522842,1209
47.6987495,12.0522623,1212
47.6987953,12.0522690,1212
47.6989288,12.0522270,1210
47.6989708,12.0522051,1214
47.6989746,12.0521364,1214
47.6989517,12.0520763,1214
47.6990356,12.0520000,1216
47.6990356,12.0518990,1218
47.6989517,12.0518646,1220
47.6989479,12.0518522,1217
47.6989059,12.0518675,1221
47.6988945,12.0518713,1218
47.6988678,12.0518808,1220
47.6988602,12.0518084,1219
47.6988640,12.0517740,1222
47.6988869,12.0516977,1222
47.6988983,12.0516758,1223
47.6989021,12.0516167,1225
47.6989670,12.0515738,1221
47.6989784,12.0515738,1228
47.6989861,12.0515804,1226
47.6990395,12.0515928,1228
47.6990700,12.0515499,1227
47.6990929,12.0514631,1231
47.6991081,12.0514631,1228
47.6991310,12.0514574,1231
47.6991501,12.0514936,1229
47.6991425,12.0514927,1233
47.6991310,12.0515079,1230
47.6991577,12.0514250,1234
47.6991882,12.0513754,1230
47.6991959,12.0513601,1236
47.6992302,12.0512896,1232
47.6992416,12.0512762,1235
47.6992493,12.0512590,1235
47.6992989,12.0511379,1236
47.6993561,12.0510683,1239
47.6993828,12.0510464,1236
47.6993866,12.0510397,1240
47.6994095,12.0509691,1240
47.6994286,12.0508966,1240
47.6994896,12.0508347,1243
47.6994934,12.0508251,1242
47.6995087,12.0508051,1244
47.6995430,12.0507078,1244
47.6995506,12.0506639,1247
47.6995773,12.0506287,1243
47.6995850,12.0506248,1247
47.6995926,12.0506172,1246
47.6996002,12.0505018,1247
47.6996231,12.0504532,1250
47.6996727,12.0504303,1250
47.6997223,12.0504017,1252
47.6997375,12.0504036,1252
47.6997948,12.0503960,1253
47.6998100,12.0503855,1249
47.6998215,12.0503569,1252
47.6998596,12.0502682,1255
47.6998596,12.0502577,1253
47.6998634,12.0501719,1254
47.6998825,12.0500746,1254
47.6998787,12.0500126,1256
47.6998749,12.0499468,1257
47.6998863,12.0498581,1257
47.6999016,12.0497227,1258
47.6999092,12.0496759,1259
47.6999359,12.0496178,1257
47.6999397,12.0496073,1262
47.6999550,12.0496025,1260
47.7000084,12.0495710,1265
47.7000160,12.0495691,1261
47.7000160,12.0495634,1265
47.7000122,12.0495481,1264
47.7000084,12.0495453,1268
47.7000160,12.0495520,1262
47.7000084,12.0495615,1269
47.6999969,12.0495663,1265
47.7000389,12.0495348,1270
47.7000465,12.0495453,1267
47.7000732,12.0495329,1271
47.7000580,12.0495291,1266
47.7000504,12.0495234,1271
47.7000351,12.0495243,1267
47.7000351,12.0495510,1271
47.7000046,12.0495567,1266
47.6999893,12.0495443,1270
47.6999512,12.0495014,1271
47.6999474,12.0494871,1275
47.6999931,12.0494699,1271
47.6999931,12.0494576,1274
47.6999779,12.0494366,1270
47.6999588,12.0493975,1274
47.6999092,12.0492792,1273
47.6999359,12.0493021,1272
47.6999893,12.0492506,1272
47.6998444,12.0493231,1275
47.6998482,12.0491819,1274
47.6998787,12.0491009,1274
47.6999016,12.0490360,1278
47.6998978,12.0490274,1274
47.6998940,12.0490141,1278
47.6999092,12.0489969,1274
47.6999168,12.0490036,1282
47.6999283,12.0490122,1278
47.6999474,12.0489979,1275
47.6999550,12.0490026,1280
47.6999626,12.0490065,1285
47.6999664,12.0490103,1282
47.6999779,12.0490198,1279
47.6999817,12.0490208,1283
47.7000198,12.0490007,1281
47.7000504,12.0489969,1286
47.7000542,12.0489931,1283
47.7000618,12.0489855,1287
47.7000580,12.0489817,1283
47.7000504,12.0489817,1287
47.7000008,12.0489674,1289
47.7000008,12.0489550,1284
47.7000084,12.0489407,1289
47.7000389,12.0488787,1287
47.7000504,12.0488386,1291
47.7000542,12.0488300,1287
47.7000580,12.0488167,1291
47.7000656,12.0487614,1287
47.7000732,12.0487499,1294
47.7000771,12.0487413,1294
47.7000771,12.0487366,1287
47.7000771,12.0487289,1292
47.7000694,12.0486565,1294
47.7000275,12.0486345,1295
47.7000046,12.0486450,1296
47.7000046,12.0486355,1294
47.6999931,12.0486269,1296
47.6999893,12.0485125,1296
47.6999817,12.0484180,1296
47.6999702,12.0483809,1300
47.6999817,12.0483150,1295
47.6999855,12.0483036,1300
47.6999702,12.0482492,1299
47.6999588,12.0482473,1302
47.6999474,12.0482512,1297
47.6999397,12.0482502,1304
47.6999359,12.0482416,1297
47.6999321,12.0482330,1301
47.6999588,12.0481186,1301
47.6999779,12.0480537,1303
47.6999474,12.0480385,1307
47.6999130,12.0480347,1303
47.6999054,12.0480347,1311
47.6999016,12.0480318,1304
47.6998978,12.0480270,1308
47.6999016,12.0479527,1307
47.6998672,12.0479326,1311
47.6998596,12.0479317,1310
47.6998596,12.0479126,1308
47.6998596,12.0479069,1311
47.6998558,12.0479012,1311
47.6998444,12.0479002,1309
47.6998329,12.0478973,1310
47.6998444,12.0478020,1310
47.6998520,12.0477772,1314
47.6998520,12.0477753,1313
47.6998367,12.0477648,1310
47.6998329,12.0477629,1316
47.6998291,12.0477581,1312
47.6998138,12.0477304,1313
47.6998291,12.0477285,1313
47.6998367,12.0476522,1317
47.6998558,12.0476494,1313
47.6998558,12.0476494,1314
47.6998787,12.0476160,1313
47.6998711,12.0476446,1317
47.6998444,12.0476627,1313
47.6998444,12.0476389,1313
47.6998405,12.0476370,1320
47.6998329,12.0476370,1315
47.6998291,12.0476294,1319
47.6998253,12.0476198,1311
47.6998215,12.0476122,1322
47.6998177,12.0476046,1316
47.6998177,12.0475626,1319
47.6997910,12.0475302,1319
47.6997795,12.0474920,1325
47.6997795,12.0474796,1317
47.6997757,12.0474710,1324
47.6997757,12.0474653,1321
47.6997643,12.0474024,1322
47.6997757,12.0473423,1324
47.6997719,12.0473156,1327
47.6997643,12.0472336,1326
47.6997833,12.0471840,1330
47.6997833,12.0471792,1330
47.6998215,12.0471172,1331
47.6998367,12.0470991,1327
47.6998367,12.0470972,1331
47.6998177,12.0470972,1333
47.6998062,12.0470848,1331
47.6997948,12.0470715,1336
47.6997910,12.0470715,1330
47.6997910,12.0470734,1334
47.6997833,12.0470810,1331
47.6997795,12.0470819,1336
47.6997795,12.0470800,1331
47.6997681,12.0470743,1335
47.6997604,12.0470772,1333
47.6997375,12.0470886,1335
47.6996727,12.0471287,1341
47.6996689,12.0471325,1336
47.6996651,12.0471239,1340
47.6996651,12.0471163,1336
47.6996841,12.0471048,1338
47.6996422,12.0471001,1337
47.6996346,12.0470963,1341
47.6996269,12.0470963,1337
47.6996231,12.0470934,1342
47.6996002,12.0470839,1339
47.6995964,12.0470781,1343
47.6995964,12.0470657,1339
47.6995926,12.0470610,1345
47.6995850,12.0470600,1338
47.6995888,12.0470543,1346
47.6995888,12.0470572,1342
47.6995583,12.0470362,1346
47.6995659,12.0470657,1343
47.6995506,12.0470629,1346
47.6995316,12.0470657,1349
47.6995354,12.0470695,1345
47.6995316,12.0470715,1346
47.6995316,12.0470905,1341
47.6995316,12.0470905,1348
47.6995392,12.0470867,1344
47.6995277,12.0470676,1347
47.6995201,12.0470686,1342
47.6995125,12.0470619,1349
47.6995010,12.0470381,1346
47.6994972,12.0470314,1346
47.6995010,12.0470219,1349
47.6994743,12.0469818,1352
47.6994705,12.0469799,1352
47.6994667,12.0469265,1355
47.6994514,12.0469608,1350
47.6994476,12.0469627,1357
47.6994438,12.0469675,1352
47.6994362,12.0469704,1358
47.6994324,12.0469704,1354
47.6994286,12.0469151,1357
47.6993904,12.0468931,1358
47.6993828,12.0468988,1355
47.6993637,12.0469122,1358
47.6993141,12.0468922,1353
47.6993179,12.0468750,1362
47.6993179,12.0468616,1358
47.6993256,12.0468655,1363
47.6993294,12.0468559,1359
47.6993446,12.0468035,1361
47.6993446,12.0467558,1363
47.6993217,12.0467396,1363
47.6992989,12.0467234,1367
47.6992989,12.0467215,1365
47.6993065,12.0466976,1367
47.6992989,12.0467091,1365
47.6992950,12.0467119,1371
47.6992989,12.0466976,1369
47.6992989,12.0466843,1362
47.6992989,12.0466757,1369
47.6993065,12.0466661,1371
47.6992912,12.0466623,1369
47.6992722,12.0466595,1371
47.6992683,12.0466471,1368
47.6992607,12.0466366,1371
47.6992569,12.0466356,1371
47.6992531,12.0466309,1365
47.6992455,12.0466299,1377
47.6992378,12.0466280,1367
47.6992455,12.0466146,1377
47.6992416,12.0466061,1373
47.6992226,12.0465946,1377
47.6992111,12.0466175,1373
47.6992149,12.0466185,1379
47.6992226,12.0466223,1374
47.6992378,12.0466423,1379
47.6991692,12.0467272,1378
47.6991501,12.0467644,1372
47.6991463,12.0467596,1382
47.6991463,12.0467520,1377
47.6991196,12.0466957,1382
47.6991158,12.0466900,1378
47.6991158,12.0466757,1383
47.6991158,12.0466595,1379
47.6991043,12.0465908,1383
47.6991005,12.0465050,1387
47.6991005,12.0464983,1385
47.6990852,12.0464621,1388
47.6990852,12.0464602,1379
47.6990814,12.0464659,1391
47.6990814,12.0464582,1386
47.6990929,12.0464172,1386
47.6990929,12.0463581,1383
47.6990929,12.0463524,1384
47.6990967,12.0463305,1391
47.6991005,12.0463190,1390
47.6991043,12.0462856,1388
47.6991043,12.0464001,1384
47.6990967,12.0464048,1395
47.6991005,12.0464134,1390
47.6990814,12.0463991,1385
47.6990776,12.0463905,1390
47.6990852,12.0463648,1387
47.6990852,12.0463533,1392
47.6990891,12.0463467,1390
47.6991043,12.0462790,1392
47.6991081,12.0462532,1388
47.6991119,12.0462427,1394
47.6991119,12.0462027,1393
47.6990700,12.0461960,1394
47.6990623,12.0461941,1398
47.6990585,12.0461483,1395
47.6990471,12.0461302,1399
47.6990242,12.0461187,1392
47.6990204,12.0461130,1400
47.6990204,12.0460997,1397
47.6990204,12.0460958,1401
47.6990089,12.0461006,1397
47.6989861,12.0459452,1401
47.6990204,12.0460196,1397
47.6989670,12.0460587,1403
47.6989555,12.0460501,1400
47.6989594,12.0460615,1404
47.6989555,12.0460749,1401
47.6989517,12.0460854,1404
47.6989479,12.0460844,1401
47.6989517,12.0460463,1407
47.6989441,12.0460558,1403
47.6989441,12.0460310,1408
47.6989441,12.0460243,1405
47.6989441,12.0460176,1404
47.6989441,12.0460033,1408
47.6989403,12.0460062,1405
47.6989365,12.0460119,1400
47.6989326,12.0460196,1406
47.6989250,12.0459623,1406
47.6989288,12.0459137,1402
47.6989288,12.0459051,1409
47.6989365,12.0458984,1404
47.6989403,12.0458937,1409
47.6989403,12.0458870,1405
47.6989403,12.0458813,1410
47.6989441,12.0458670,1407
47.6989746,12.0458069,1406
47.6989899,12.0457878,1410
47.6990051,12.0457668,1406
47.6990013,12.0457630,1410
47.6990166,12.0456991,1408
47.6990128,12.0457010,1416
47.6990128,12.0456924,1411
47.6990204,12.0456505,1412
47.6990318,12.0456362,1417
47.6990471,12.0456152,1412
47.6990509,12.0456076,1417
47.6990547,12.0455980,1413
47.6990700,12.0455799,1416
47.6990738,12.0455732,1411
47.6990776,12.0455675,1419
47.6990776,12.0455656,1411
47.6990814,12.0455599,1418
47.6990929,12.0455379,1415
47.6991043,12.0455046,1420
47.6991043,12.0454969,1416
47.6991043,12.0454702,1420
47.6991043,12.0454569,1420
47.6991119,12.0454350,1418
47.6991539,12.0453758,1419
47.6991463,12.0454073,1422
47.6991501,12.0453939,1418
47.6991539,12.0453892,1418
47.6991539,12.0453825,1423
47.6991577,12.0453701,1423
47.6991730,12.0453386,1424
47.6991997,12.0452757,1423
47.6992111,12.0452518,1426
47.6992149,12.0452404,1424
47.6992378,12.0451822,1427
47.6992416,12.0451756,1423
47.6992493,12.0451689,1427
47.6992493,12.0451632,1419
47.6992531,12.0451603,1433
47.6992569,12.0451498,1424
47.6992607,12.0451403,1428
47.6992798,12.0451002,1427
47.6992874,12.0450296,1430
47.6992874,12.0450220,1433
47.6992874,12.0450182,1430
47.6992836,12.0450106,1433
47.6992950,12.0449505,1428
47.6992989,12.0449419,1433
47.6993027,12.0448837,1433
47.6992989,12.0448360,1436
47.6992989,12.0448294,1433
47.6992989,12.0448236,1438
47.6992950,12.0448227,1432
47.6992950,12.0448151,1439
47.6992989,12.0448103,1436
47.6992989,12.0447645,1434
47.6993065,12.0447540,1440
47.6993065,12.0447474,1439
47.6993408,12.0446672,1439
47.6993446,12.0446625,1443
47.6993484,12.0446548,1438
47.6993713,12.0446272,1443
47.6993790,12.0446234,1440
47.6993866,12.0446329,1441
47.6994133,12.0446224,1440
47.6994019,12.0446577,1441
47.6993561,12.0446358,1442
47.6993637,12.0446272,1437
47.6993637,12.0446167,1441
47.6993790,12.0445518,1445
47.6993828,12.0445452,1438
47.6993828,12.0445375,1447
47.6993866,12.0445318,1444
47.6994019,12.0445080,1445
47.6994019,12.0445013,1441
47.6994095,12.0444965,1442
47.6994095,12.0444946,1446
47.6994095,12.0444908,1443
47.6994095,12.0444870,1446
47.6994095,12.0444803,1444
47.6994095,12.0444756,1448
47.6994057,12.0444689,1443
47.6994095,12.0444651,1447
47.6994095,12.0444345,1444
47.6994057,12.0444279,1449
47.6994095,12.0444212,1445
47.6994095,12.0444155,1449
47.6994095,12.0444059,1446
47.6994019,12.0443630,1445
47.6994019,12.0443583,1449
47.6993980,12.0443535,1445
47.6993980,12.0443468,1452
47.6993980,12.0443449,1448
47.6993866,12.0443125,1454
47.6993866,12.0443068,1448
47.6993866,12.0443010,1452
47.6993866,12.0442963,1447
47.6993866,12.0442905,1453
47.6993942,12.0442581,1447
47.6993942,12.0442543,1454
47.6993980,12.0442162,1450
47.6993980,12.0442133,1455
47.6993942,12.0442114,1454
47.6993904,12.0441885,1450
47.6993942,12.0441847,1457
47.6993942,12.0441799,1455
47.6993980,12.0441666,1454
47.6994171,12.0441151,1455
47.6994247,12.0440969,1458
47.6994247,12.0440817,1453
47.6994247,12.0440741,1458
47.6994247,12.0440702,1457
47.6994209,12.0440598,1449
47.6994209,12.0440550,1464
47.6994209,12.0440502,1456
47.6994209,12.0440445,1459
47.6994209,12.0440397,1457
47.6994171,12.0440292,1460
47.6994171,12.0440235,1458
47.6994324,12.0439949,1458
47.6994324,12.0439873,1461
47.6994362,12.0439596,1455
47.6994362,12.0439568,1466
47.6994400,12.0439539,1461
47.6994591,12.0439215,1462
47.6994553,12.0439053,1466
47.6994514,12.0439034,1462
47.6994514,12.0438938,1461
47.6994514,12.0438881,1465
47.6994553,12.0438824,1465
47.6994553,12.0438595,1465
47.6994514,12.0438375,1466
47.6994629,12.0438175,1466
47.6994629,12.0438070,1462
47.6994629,12.0438013,1467
47.6994667,12.0437717,1469
47.6994781,12.0437574,1463
47.6994781,12.0437574,1469
47.6994705,12.0437231,1472
47.6994667,12.0437202,1467
47.6994629,12.0437164,1470
47.6994514,12.0436954,1471
47.6994247,12.0436707,1471
47.6994095,12.0436554,1475
47.6994057,12.0436525,1475
47.6993980,12.0436373,1469
47.6993980,12.0436430,1475
47.6994019,12.0436544,1472
47.6993980,12.0436535,1478
47.6993980,12.0436506,1477
47.6993942,12.0436344,1473
47.6994019,12.0435944,1476
47.6993980,12.0435820,1480
47.6993980,12.0435829,1476
47.6993942,12.0435410,1479
47.6993942,12.0435381,1475
47.6993942,12.0435352,1481
47.6993866,12.0435324,1478
47.6993790,12.0435286,1472
47.6993752,12.0435286,1483
47.6993713,12.0435295,1481
47.6993141,12.0435228,1482
47.6992912,12.0435133,1483
47.6992493,12.0434847,1482
47.6992188,12.0435209,1484
47.6991730,12.0435352,1488
47.6991196,12.0435362,1487
47.6990662,12.0435677,1488
47.6990013,12.0435534,1491
47.6989975,12.0435514,1491
47.6989594,12.0435181,1492
47.6989555,12.0435047,1492
47.6989708,12.0434856,1492
47.6989708,12.0435324,1485
47.6989708,12.0435429,1495
47.6989708,12.0435514,1491
47.6990013,12.0435572,1491
47.6990166,12.0435886,1492
47.6989708,12.0436716,1495
47.6989746,12.0436373,1492
47.6989784,12.0436106,1492
47.6989212,12.0436096,1493
47.6989288,12.0435505,1493
47.6989403,12.0435362,1490
47.6989441,12.0435314,1496
47.6989479,12.0435276,1492
47.6989594,12.0435209,1493
47.6990013,12.0435028,1493
47.6989975,12.0434856,1492
47.6990280,12.0434313,1496
47.6990318,12.0434217,1491
47.6990356,12.0434141,1497
47.6990395,12.0434065,1491
47.6990433,12.0433979,1497
47.6990471,12.0433903,1492
47.6990471,12.0433836,1496
47.6990509,12.0433769,1491
47.6990509,12.0433702,1497
47.6990509,12.0433607,1491
47.6990509,12.0433540,1498
47.6990547,12.0433464,1495
47.6990852,12.0432968,1498
47.6991272,12.0432568,1495
47.6991310,12.0432529,1502
47.6991348,12.0432491,1496
47.6991386,12.0432434,1502
47.6991463,12.0432367,1495
47.6991501,12.0432301,1501
47.6991577,12.0432262,1495
47.6991615,12.0432205,1502
47.6991615,12.0432138,1496
47.6991615,12.0432043,1500
47.6991920,12.0431499,1502
47.6991959,12.0431480,1498
47.6991959,12.0431471,1503
47.6992188,12.0431232,1507
47.6992226,12.0431194,1501
47.6992378,12.0431166,1505
47.6992378,12.0431089,1502
47.6992455,12.0430908,1506
47.6992455,12.0430832,1502
47.6992455,12.0430775,1506
47.6992493,12.0430632,1502
47.6992493,12.0430555,1506
47.6992798,12.0429955,1503
47.6992836,12.0429916,1512
47.6992874,12.0429869,1511
47.6992836,12.0429735,1507
47.6992950,12.0429459,1510
47.6993179,12.0429211,1507
47.6993217,12.0429134,1512
47.6993256,12.0429106,1507
47.6993256,12.0429077,1512
47.6993294,12.0429049,1507
47.6993256,12.0428982,1513
47.6993446,12.0428276,1514
47.6993561,12.0428209,1515
47.6993904,12.0428305,1513
47.6993904,12.0428267,1516
47.6993980,12.0428286,1520
47.6993980,12.0428276,1516
47.6994209,12.0427999,1520
47.6994286,12.0427923,1517
47.6994476,12.0427732,1521
47.6994514,12.0427694,1521
47.6994629,12.0427437,1520
47.6994705,12.0427103,1524
47.6994743,12.0426998,1520
47.6994820,12.0426950,1524
47.6995316,12.0426807,1523
47.6995354,12.0426636,1527
47.6995430,12.0426598,1522
47.6995468,12.0426579,1523
47.6995544,12.0426588,1528
47.6995583,12.0426598,1526
47.6995964,12.0426331,1529
47.6996002,12.0426292,1528
47.6996117,12.0426044,1528
47.6996117,12.0426006,1531
47.6996117,12.0425978,1527
47.6996117,12.0425930,1531
47.6996193,12.0425453,1532
47.6996193,12.0425425,1527
47.6996231,12.0425406,1532
47.6996231,12.0425024,1531
47.6996269,12.0424986,1531
47.6996269,12.0424948,1535
47.6996155,12.0424900,1532
47.6996117,12.0424852,1533
47.6996117,12.0424786,1537
47.6996117,12.0424747,1535
47.6996155,12.0424147,1531
47.6996193,12.0424128,1539
47.6996193,12.0424128,1537
47.6996193,12.0424080,1536
47.6996269,12.0424013,1539
47.6996307,12.0423908,1536
47.6996422,12.0423832,1538
47.6996536,12.0423565,1541
47.6996536,12.0423527,1537
47.6996613,12.0423422,1539
47.6996689,12.0423288,1542
47.6996689,12.0423250,1540
47.6996689,12.0423241,1543
47.6996689,12.0423231,1538
47.6996651,12.0423326,1544
47.6996651,12.0423365,1540
47.6996689,12.0423365,1533
47.6996689,12.0423355,1549
47.6996689,12.0423326,1542
47.6996651,12.0423355,1534
47.6996689,12.0423317,1548
47.6996727,12.0423298,1544
47.6996727,12.0423193,1538
47.6996765,12.0423088,1543
47.6996803,12.0422955,1536
47.6996841,12.0422859,1546
47.6996880,12.0422792,1545
47.6996841,12.0422707,1543
47.6996918,12.0422401,1539
47.6996918,12.0422325,1547
47.6996918,12.0422230,1542
47.6996918,12.0422153,1545
47.6996880,12.0421505,1542
47.6996918,12.0421448,1546
47.6996918,12.0421419,1542
47.6996918,12.0421362,1547
47.6997070,12.0421047,1544
47.6997108,12.0421019,1547
47.6997185,12.0420952,1548
47.6997261,12.0420914,1543
47.6997299,12.0420885,1551
47.6997337,12.0420685,1548
47.6997337,12.0420618,1544
47.6997337,12.0420570,1548
47.6997337,12.0420485,1549
47.6997375,12.0420389,1546
47.6997414,12.0420361,1551
47.6997414,12.0420341,1547
47.6997452,12.0420284,1554
47.6997452,12.0420265,1550
47.6997490,12.0419922,1554
47.6997490,12.0419884,1550
47.6997490,12.0419836,1550
47.6997604,12.0419703,1555
47.6997681,12.0419693,1553
47.6997719,12.0419674,1549
47.6997757,12.0419645,1556
47.6997795,12.0419598,1553
47.6998024,12.0419254,1554
47.6998024,12.0419226,1554
47.6998253,12.0419464,1560
47.6998253,12.0419483,1557
47.6998177,12.0419569,1554
47.6998215,12.0419655,1555
47.6998215,12.0419750,1558
47.6998215,12.0419760,1551
47.6998177,12.0419703,1556
47.6998100,12.0419693,1561
47.6998100,12.0419655,1556
47.6998177,12.0419626,1560
47.6998215,12.0419617,1559
47.6998253,12.0419636,1550
47.6998291,12.0419617,1555
47.6998329,12.0419588,1559
47.6998329,12.0419559,1558
47.6998558,12.0419273,1560
47.6998558,12.0419264,1558
47.6998596,12.0418472,1558
47.6998444,12.0418692,1558
47.6998825,12.0418730,1558
47.6998367,12.0418396,1557
47.6998138,12.0419025,1558
47.6998215,12.0418863,1554
47.6998215,12.0418882,1565
47.6998291,12.0418949,1561
47.6998329,12.0419025,1555
47.6998329,12.0419035,1562
47.6998367,12.0419092,1558
47.6998405,12.0419226,1554
47.6998444,12.0419226,1564
47.6998520,12.0419207,1560
47.6998520,12.0419397,1559
47.6998558,12.0419445,1560
47.6998787,12.0418816,1560
47.6998863,12.0418711,1564
47.6998901,12.0418739,1561
47.6998901,12.0418711,1564
47.6998901,12.0418634,1561
47.6998940,12.0418282,1565
47.6998940,12.0418215,1565
47.6998978,12.0418053,1558
47.6999054,12.0418005,1567
47.6999092,12.0417690,1566
47.6999092,12.0417433,1569
47.6999092,12.0417366,1566
47.6999054,12.0417242,1560
47.6999092,12.0417185,1571
47.6999092,12.0417147,1571
47.6999130,12.0417080,1566
47.6999054,12.0417118,1570
47.6999130,12.0416861,1565
47.6999168,12.0416822,1571
47.6999168,12.0416698,1566
47.6999168,12.0416670,1573
47.6999168,12.0416660,1570
47.6999245,12.0416641,1573
47.6999207,12.0416679,1570
47.6999359,12.0416603,1573
47.6999359,12.0415955,1570
47.6999359,12.0415792,1575
47.6999397,12.0415707,1573
47.6999321,12.0415030,1569
47.6999321,12.0414944,1573
47.6999283,12.0414762,1577
47.6999283,12.0414696,1574
47.6999283,12.0414505,1579
47.6999283,12.0414486,1574
47.6999283,12.0414476,1578
47.6999435,12.0414267,1573
47.6999512,12.0414190,1574
47.6999550,12.0414104,1579
47.6999741,12.0413914,1574
47.6999779,12.0413837,1580
47.7000046,12.0413408,1582
47.7000046,12.0413399,1574
47.7000084,12.0413399,1583
47.7000122,12.0413437,1579
47.7000389,12.0413227,1583
47.7000275,12.0413132,1577
47.7000237,12.0413074,1577
47.7000275,12.0413074,1584
47.7000313,12.0413027,1582
47.7000351,12.0412588,1585
47.7000351,12.0412579,1582
47.7000389,12.0412579,1579
47.7000427,12.0412560,1587
47.7000465,12.0412521,1584
47.7000427,12.0412283,1580
47.7000427,12.0412178,1585
47.7000389,12.0411959,1580
47.7000351,12.0411911,1580
47.7000313,12.0411882,1586
47.7000313,12.0411844,1584
47.7000351,12.0411777,1588
47.7000389,12.0411606,1582
47.7000427,12.0411577,1589
47.7000427,12.0411539,1585
47.7000542,12.0410805,1586
47.7000465,12.0410376,1587
47.7000809,12.0410032,1590
47.7000961,12.0409880,1588
47.7000961,12.0409822,1584
47.7000923,12.0409784,1589
47.7000885,12.0409517,1586
47.7000885,12.0409412,1592
47.7000885,12.0409355,1588
47.7000999,12.0409117,1592
47.7001038,12.0409088,1590
47.7000847,12.0408735,1593
47.7000885,12.0408697,1593
47.7000847,12.0408726,1592
47.7000885,12.0408468,1595
47.7001190,12.0408134,1592
47.7001266,12.0408115,1595
47.7001419,12.0408068,1589
47.7001495,12.0408087,1591
47.7001534,12.0408020,1593
47.7002335,12.0408182,1598
47.7002335,12.0408134,1594
47.7002258,12.0407495,1594
47.7002106,12.0406866,1593
47.7002144,12.0406857,1597
47.7002296,12.0406656,1591
47.7002373,12.0406609,1601
47.7002411,12.0406590,1599
47.7002449,12.0406532,1597
47.7002525,12.0406437,1594
47.7002563,12.0406399,1602
47.7002563,12.0406370,1596
47.7002563,12.0406218,1604
47.7002563,12.0406179,1599
47.7002602,12.0405893,1595
47.7002640,12.0405807,1600
47.7002563,12.0405378,1596
47.7002602,12.0405321,1603
47.7002754,12.0405216,1598
47.7002754,12.0405140,1604
47.7002754,12.0405083,1603
47.7002792,12.0404921,1602
47.7002831,12.0404673,1606
47.7002869,12.0404606,1604
47.7002945,12.0404482,1602
47.7002983,12.0404263,1606
47.7003212,12.0404015,1600
47.7003212,12.0404015,1606
47.7003250,12.0404034,1601
47.7003250,12.0403976,1613
47.7003288,12.0403929,1605
47.7003288,12.0403900,1611
47.7003326,12.0403843,1608
47.7003326,12.0403872,1604
47.7003326,12.0403862,1611
47.7003326,12.0403852,1607
47.7003441,12.0403690,1611
47.7003517,12.0403595,1604
47.7003555,12.0403481,1611
47.7003670,12.0402889,1608
47.7003784,12.0402679,1602
47.7003860,12.0402603,1615
47.7003899,12.0402575,1613
47.7003937,12.0402470,1612
47.7004204,12.0401907,1611
47.7004242,12.0401688,1614
47.7004242,12.0401640,1614
47.7004280,12.0401554,1610
47.7004242,12.0401516,1615
47.7004280,12.0401449,1618
47.7004280,12.0401421,1611
47.7004318,12.0401382,1615
47.7004280,12.0401297,1610
47.7004280,12.0401220,1615
47.7004585,12.0400705,1613
47.7004585,12.0400639,1616
47.7004623,12.0400467,1610
47.7004623,12.0400438,1619
47.7004623,12.0400381,1617
47.7004776,12.0400200,1610
47.7004776,12.0400181,1618
47.7004814,12.0400162,1622
47.7004814,12.0400152,1618
47.7004852,12.0400114,1614
47.7004890,12.0400085,1619
47.7005081,12.0399818,1616
47.7005196,12.0399714,1625
47.7005196,12.0399666,1619
47.7005348,12.0399437,1616
47.7005348,12.0399389,1624
47.7005386,12.0399351,1621
47.7005386,12.0399323,1617
47.7005386,12.0399303,1622
47.7005463,12.0398979,1619
47.7005501,12.0398998,1627
47.7005463,12.0398951,1623
47.7005463,12.0398979,1617
47.7005463,12.0398922,1623
47.7005501,12.0398893,1626
47.7005615,12.0398846,1622
47.7005920,12.0398932,1625
47.7006149,12.0398436,1621
47.7006149,12.0398407,1628
47.7006302,12.0398035,1624
47.7006378,12.0398016,1631
47.7006378,12.0397997,1630
47.7006683,12.0397453,1631
47.7006721,12.0397434,1630
47.7006760,12.0397263,1631
47.7006912,12.0396976,1632
47.7006950,12.0396881,1631
47.7007332,12.0396156,1637
47.7007370,12.0396118,1631
47.7007370,12.0396090,1634
47.7007484,12.0395918,1629
47.7007523,12.0395870,1633
47.7007904,12.0395288,1633
47.7007942,12.0395107,1637
47.7007980,12.0395002,1634
47.7008209,12.0394573,1637
47.7008286,12.0394478,1634
47.7008400,12.0394363,1638
47.7008324,12.0394049,1633
47.7008324,12.0393972,1635
47.7008362,12.0393915,1640
47.7008400,12.0393867,1635
47.7008438,12.0393782,1641
47.7008476,12.0393696,1638
47.7008438,12.0393476,1636
47.7008247,12.0393362,1640
47.7008286,12.0393353,1636
47.7008286,12.0393353,1640
47.7008286,12.0393305,1640
47.7008667,12.0393028,1640
47.7008705,12.0392952,1635
47.7008667,12.0392914,1643
47.7008629,12.0392876,1642
47.7008972,12.0392475,1642
47.7008972,12.0392389,1641
47.7008972,12.0392361,1644
47.7009010,12.0392189,1644
47.7009315,12.0391560,1644
47.7009239,12.0391521,1648
47.7009392,12.0391264,1648
47.7009125,12.0391064,1644
47.7009201,12.0391016,1648
47.7009315,12.0390902,1649
47.7010193,12.0390377,1649
47.7010117,12.0390291,1643
47.7009926,12.0390425,1645
47.7009888,12.0390396,1654
47.7009888,12.0390234,1652
47.7009888,12.0390167,1649
47.7010002,12.0389957,1647
47.7009850,12.0390062,1650
47.7010078,12.0389862,1654
47.7010117,12.0389786,1650
47.7010078,12.0389729,1655
47.7010078,12.0389652,1651
47.7010460,12.0389585,1656
47.7010498,12.0389538,1653
47.7010918,12.0389004,1653
47.7010918,12.0388899,1653
47.7011070,12.0388842,1657
47.7011108,12.0388832,1651
47.7011032,12.0388613,1660
47.7011032,12.0388622,1657
47.7011299,12.0388288,1650
47.7011337,12.0388269,1656
47.7011490,12.0388613,1657
47.7011642,12.0388441,1657
47.7011642,12.0388365,1654
47.7011642,12.0388298,1658
47.7011566,12.0388241,1655
47.7011299,12.0388117,1661
47.7011261,12.0388117,1659
47.7011299,12.0388117,1655
47.7011337,12.0388117,1657
47.7011528,12.0388260,1654
47.7011833,12.0388031,1656
47.7011795,12.0388079,1654
47.7011757,12.0388060,1659
47.7011757,12.0388069,1655
47.7011757,12.0387402,1654
47.7011604,12.0387468,1654
47.7011604,12.0386400,1653
47.7011642,12.0386343,1657
47.7011681,12.0386276,1654
47.7011681,12.0386190,1656
47.7011795,12.0385170,1656
47.7011909,12.0384235,1659
47.7011948,12.0384178,1656
47.7011909,12.0384083,1660
47.7011909,12.0384007,1656
47.7012024,12.0383701,1658
47.7012100,12.0383320,1659
47.7012177,12.0383644,1659
47.7012138,12.0383749,1657
47.7012100,12.0383949,1656
47.7012100,12.0384569,1655
47.7012177,12.0385513,1655
47.7011986,12.0386591,1656
47.7011909,12.0387335,1657
47.7011986,12.0387964,1656
47.7011986,12.0387974,1659
47.7011986,12.0388012,1658
47.7012024,12.0388565,1660
47.7011833,12.0388460,1664
47.7011833,12.0388432,1659
47.7012177,12.0388327,1665
47.7012215,12.0388594,1660
47.7012367,12.0388842,1656
47.7012405,12.0388765,1663
47.7012444,12.0388861,1667
47.7012367,12.0388918,1664
47.7012596,12.0388975,1664
47.7012749,12.0388708,1662
47.7012787,12.0388947,1663
47.7012749,12.0388870,1659
47.7012711,12.0388899,1669
47.7012711,12.0388918,1667
47.7012634,12.0389004,1666
47.7012558,12.0389156,1663
47.7012520,12.0389223,1668
47.7012520,12.0389280,1663
47.7012520,12.0389347,1667
47.7012482,12.0389595,1662
47.7012444,12.0389719,1669
47.7012444,12.0389824,1666
47.7012367,12.0390100,1670
47.7012367,12.0390196,1666
47.7012291,12.0390282,1667
47.7012100,12.0390263,1672
47.7012024,12.0390329,1669
47.7011833,12.0390425,1664
47.7011795,12.0390434,1673
47.7011757,12.0390453,1672
47.7011795,12.0390453,1670
47.7011642,12.0390425,1673
47.7011642,12.0390396,1671
47.7011604,12.0390482,1674
47.7011566,12.0390530,1670
47.7011490,12.0390577,1674
47.7011528,12.0390606,1675
47.7011185,12.0390749,1675
47.7011223,12.0390882,1669
47.7011185,12.0390921,1681
47.7011223,12.0390978,1677
47.7011185,12.0391026,1672
47.7011070,12.0391064,1678
47.7010956,12.0391245,1679
47.7010918,12.0391426,1669
47.7010880,12.0391502,1682
47.7010880,12.0391607,1680
47.7010765,12.0391779,1676
47.7010727,12.0391827,1680
47.7010689,12.0391874,1686
47.7010651,12.0391932,1678
47.7010574,12.0391989,1683
47.7010384,12.0392056,1680
47.7010498,12.0391893,1681
47.7010498,12.0391893,1678
47.7010498,12.0391912,1682
47.7010574,12.0391922,1679
47.7010574,12.0391922,1683
47.7010574,12.0391932,1679
47.7010574,12.0391951,1681
47.7010612,12.0391970,1678
47.7010612,12.0391979,1682
47.7010345,12.0392008,1661
47.7010269,12.0392046,1665
47.7010269,12.0392027,1668
47.7010307,12.0391998,1668
47.7010384,12.0391941,1669
47.7010536,12.0391855,1673
47.7010574,12.0391417,1679
47.7010574,12.0391369,1677
47.7010536,12.0391083,1679
47.7010574,12.0390978,1680
47.7010536,12.0390673,1685
47.7010536,12.0390644,1684
47.7010574,12.0390577,1687
47.7010651,12.0390968,1693
47.7010689,12.0390949,1689
47.7010803,12.0390644,1687
47.7010841,12.0390530,1687
47.7011223,12.0390396,1687
47.7011337,12.0390148,1684
47.7011528,12.0389957,1683
47.7011566,12.0389986,1685
47.7011604,12.0389977,1676
47.7011566,12.0390034,1677
47.7011604,12.0390053,1680
47.7011681,12.0390186,1689
47.7011681,12.0390177,1683
47.7011719,12.0390205,1681
47.7011909,12.0390062,1679
47.7012253,12.0389309,1678
47.7012672,12.0388775,1676
47.7012672,12.0388479,1675
47.7012558,12.0388536,1672
47.7012520,12.0388575,1677
47.7012482,12.0388603,1669
47.7012405,12.0388670,1677
47.7012253,12.0388832,1674
47.7012024,12.0389442,1668
47.7012138,12.0389252,1676
47.7012062,12.0389280,1672
47.7012138,12.0388336,1670
47.7011795,12.0388002,1667
47.7011795,12.0386820,1667
47.7011871,12.0385447,1667
47.7011871,12.0385361,1671
47.7011795,12.0384903,1668
47.7011909,12.0384283,1673
47.7011948,12.0384178,1669
47.7012062,12.0383625,1670
47.7012062,12.0382423,1673
47.7011986,12.0381327,1669
47.7011986,12.0381279,1676
47.7012024,12.0381231,1673
47.7011986,12.0380449,1673
47.7011986,12.0378799,1672
47.7012024,12.0378647,1676
47.7012138,12.0378027,1672
47.7012177,12.0377884,1678
47.7012177,12.0377741,1674
47.7012291,12.0377464,1678
47.7012291,12.0377321,1678
47.7012329,12.0377007,1674
47.7012444,12.0376453,1678
47.7012634,12.0374889,1678
47.7012939,12.0373669,1680
47.7012939,12.0373039,1677
47.7012939,12.0372925,1682
47.7012939,12.0372810,1677
47.7012939,12.0372696,1682
47.7012978,12.0372458,1679
47.7013054,12.0371485,1684
47.7013054,12.0371361,1680
47.7013016,12.0370436,1681
47.7012939,12.0369053,1685
47.7012596,12.0368090,1688
47.7012520,12.0367870,1688
47.7012100,12.0366716,1688
47.7012253,12.0366211,1693
47.7012100,12.0365391,1692
47.7012100,12.0364265,1693
47.7011909,12.0363960,1697
47.7011909,12.0363274,1700
47.7011871,12.0363111,1696
47.7011833,12.0363064,1700
47.7011337,12.0362864,1700
47.7011108,12.0362158,1703
47.7010994,12.0361671,1703
47.7010918,12.0361471,1706
47.7010880,12.0361357,1703
47.7010880,12.0361233,1706
47.7010841,12.0361042,1701
47.7010803,12.0360937,1710
47.7010803,12.0360861,1707
47.7010803,12.0360823,1703
47.7010803,12.0360832,1704
47.7010803,12.0360823,1710
47.7010803,12.0360813,1701
47.7010841,12.0360737,1708
47.7010727,12.0360594,1707
47.7010651,12.0360451,1706
47.7010956,12.0360556,1709
47.7010994,12.0360527,1704
47.7011070,12.0360508,1709
47.7011108,12.0360470,1704
47.7011223,12.0360374,1710
47.7011299,12.0360346,1706
47.7011566,12.0360203,1710
47.7011566,12.0360174,1710
47.7011566,12.0360117,1706
47.7011604,12.0360079,1712
47.7011681,12.0360060,1712
47.7011795,12.0360098,1707
47.7011833,12.0360088,1713
47.7011871,12.0360060,1707
47.7011909,12.0360050,1713
47.7011948,12.0359983,1707
47.7011986,12.0359926,1713
47.7012024,12.0359640,1709
47.7012024,12.0359621,1713
47.7012024,12.0359678,1707
47.7012024,12.0359659,1718
47.7012062,12.0359640,1713
47.7012100,12.0359592,1712
47.7012215,12.0359449,1716
47.7012405,12.0359144,1715
47.7012367,12.0358324,1717
47.7012367,12.0358324,1715
47.7012253,12.0357962,1716
47.7012253,12.0357761,1718
47.7012291,12.0357418,1721
47.7012291,12.0357332,1718
47.7012405,12.0357065,1721
47.7012444,12.0356741,1719
47.7012939,12.0355597,1722
47.7012978,12.0355501,1718
47.7013016,12.0355396,1721
47.7013092,12.0354643,1712
47.7013092,12.0354643,1721
47.7013092,12.0354624,1716
47.7013092,12.0354633,1724
47.7013092,12.0354633,1720
47.7013092,12.0354605,1720
47.7013092,12.0354548,1720
47.7013130,12.0354652,1721
47.7013054,12.0354538,1719
47.7013054,12.0354614,1720
47.7013206,12.0354433,1719
47.7013130,12.0354500,1721
47.7013245,12.0354414,1722
47.7013283,12.0354118,1723
47.7013283,12.0354195,1723
47.7013245,12.0354204,1722
47.7013206,12.0354023,1721
47.7015266,12.0355434,1722
47.7012825,12.0355558,1720
47.7012634,12.0355911,1717
47.7012367,12.0355206,1714
47.7012329,12.0354395,1713
47.7012177,12.0353785,1710
47.7011909,12.0353613,1708
47.7011757,12.0353003,1708
47.7011566,12.0352316,1705
47.7011452,12.0351791,1704
47.7011299,12.0351591,1704
47.7011147,12.0351648,1703
47.7010841,12.0351181,1701
47.7010651,12.0350733,1701
47.7010460,12.0350399,1699
47.7010269,12.0349998,1698
47.7009926,12.0349855,1697
47.7010117,12.0349312,1697
47.7009964,12.0348988,1693
47.7009850,12.0348511,1692
47.7009850,12.0348396,1688
47.7009850,12.0348387,1696
47.7009811,12.0348387,1692
47.7009506,12.0348091,1690
47.7009392,12.0347996,1689
47.7009125,12.0347614,1687
47.7008972,12.0346975,1686
47.7008514,12.0346298,1684
47.7008476,12.0345716,1683
47.7008514,12.0345583,1677
47.7008553,12.0345564,1684
47.7008629,12.0345459,1683
47.7008514,12.0344810,1681
47.7008324,12.0344391,1680
47.7007904,12.0343838,1678
47.7007866,12.0341988,1677
47.7007942,12.0341902,1682
47.7007942,12.0341816,1676
47.7007942,12.0341749,1682
47.7007942,12.0341673,1678
47.7007942,12.0341644,1681
47.7007942,12.0341625,1678
47.7007904,12.0341530,1682
47.7007904,12.0341463,1680
47.7007866,12.0341444,1677
47.7007828,12.0341396,1683
47.7007790,12.0341349,1678
47.7007980,12.0341215,1681
47.7007790,12.0340805,1682
47.7007790,12.0340576,1678
47.7007751,12.0340528,1685
47.7007790,12.0340414,1680
47.7007828,12.0340271,1687
47.7007866,12.0340223,1683
47.7008095,12.0339756,1681
47.7008095,12.0339727,1686
47.7008247,12.0339632,1682
47.7008286,12.0339622,1687
47.7008324,12.0339651,1683
47.7008553,12.0339708,1688
47.7008705,12.0339508,1685
47.7008553,12.0339756,1686
47.7008820,12.0339031,1680
47.7008820,12.0339003,1694
47.7008781,12.0338964,1685
47.7008743,12.0338888,1690
47.7008667,12.0338726,1685
47.7008591,12.0338545,1690
47.7008667,12.0338154,1693
47.7008705,12.0337915,1689
47.7008629,12.0337973,1692
47.7008629,12.0337982,1683
47.7008629,12.0337982,1686
47.7008629,12.0337982,1701
47.7008629,12.0337982,1693
47.7008743,12.0337772,1690
47.7008743,12.0337696,1694
47.7008705,12.0337038,1692
47.7008400,12.0335951,1691
47.7008209,12.0335627,1691
47.7007904,12.0334902,1689
47.7007599,12.0334444,1688
47.7007523,12.0334139,1688
47.7007256,12.0333281,1685
47.7007027,12.0333033,1685
47.7006950,12.0332365,1682
47.7006836,12.0331964,1663
47.7006836,12.0331917,1695
47.7006836,12.0331841,1682
47.7006989,12.0331163,1678
47.7007065,12.0330524,1678
47.7007179,12.0330086,1672
47.7007256,12.0330038,1676
47.7007484,12.0329781,1672
47.7007484,12.0329523,1673
47.7007370,12.0329275,1670
47.7007523,12.0328913,1667
47.7007523,12.0328865,1670
47.7007561,12.0328846,1671
47.7007599,12.0328636,1668
47.7007675,12.0328808,1666
47.7007637,12.0328770,1669
47.7007637,12.0328732,1669
47.7007828,12.0328226,1665
47.7007980,12.0327673,1664
47.7008286,12.0327168,1663
47.7008324,12.0326891,1662
47.7008247,12.0326862,1656
47.7008247,12.0326853,1664
47.7008247,12.0326862,1660
47.7008362,12.0326672,1652
47.7008400,12.0326624,1665
47.7008438,12.0326605,1659
47.7008476,12.0326357,1654
47.7008476,12.0326347,1661
47.7008476,12.0326309,1659
47.7008553,12.0326233,1656
47.7008667,12.0326061,1655
47.7009125,12.0325718,1653
47.7009239,12.0325356,1646
47.7009239,12.0325317,1657
47.7009277,12.0325270,1652
47.7009430,12.0324879,1650
47.7009697,12.0324593,1650
47.7009926,12.0324488,1648
47.7010040,12.0324364,1648
47.7010040,12.0324087,1647
47.7010078,12.0323954,1643
47.7010078,12.0323954,1648
47.7010078,12.0323954,1647
47.7010078,12.0324049,1655
47.7010117,12.0323982,1649
47.7010345,12.0323210,1647
47.7010345,12.0323095,1651
47.7010345,12.0322990,1650
47.7010269,12.0322762,1649
47.7010269,12.0322771,1645
47.7010231,12.0322781,1649
47.7010231,12.0322514,1652
47.7010231,12.0322485,1649
47.7010231,12.0321922,1648
47.7010231,12.0321484,1646
47.7010193,12.0321665,1636
47.7010155,12.0321655,1650
47.7010155,12.0321674,1646
47.7009964,12.0321770,1640
47.7010040,12.0321693,1645
47.7010193,12.0321302,1649
47.7010269,12.0321245,1644
47.7010231,12.0321379,1641
47.7010231,12.0321331,1646
47.7010117,12.0321407,1640
47.7009888,12.0321465,1646
47.7009735,12.0321512,1643
47.7009659,12.0321579,1643
47.7010384,12.0320702,1642
47.7010307,12.0320644,1637
47.7010269,12.0320559,1646
47.7010231,12.0320539,1643
47.7010117,12.0320501,1641
47.7010040,12.0319853,1643
47.7010193,12.0319633,1641
47.7009811,12.0319691,1639
47.7009697,12.0319052,1637
47.7009811,12.0318146,1636
47.7009888,12.0317450,1635
47.7009773,12.0316935,1631
47.7009811,12.0316896,1636
47.7009811,12.0316877,1635
47.7010155,12.0316267,1635
47.7010117,12.0315971,1633
47.7010384,12.0314512,1632
47.7010841,12.0313072,1632
47.7011032,12.0311823,1632
47.7011147,12.0310783,1632
47.7010880,12.0309572,1631
47.7010765,12.0309029,1630
47.7010384,12.0308781,1629
47.7009964,12.0309105,1626
47.7009697,12.0309229,1626
47.7009544,12.0310173,1626
47.7009315,12.0310812,1624
47.7009277,12.0310907,1623
47.7009125,12.0311346,1623
47.7009048,12.0312014,1622
47.7009087,12.0312881,1621
47.7009239,12.0313625,1620
47.7009354,12.0314102,1620
47.7008896,12.0315142,1619
47.7008133,12.0317240,1620
47.7008133,12.0318279,1619
47.7007980,12.0319290,1621
47.7007980,12.0320473,1622
47.7007599,12.0321407,1621
47.7006989,12.0322142,1619
47.7006416,12.0322704,1619
47.7006187,12.0322828,1618
47.7005119,12.0323105,1617
47.7004623,12.0323582,1617
47.7004318,12.0323715,1618
47.7004242,12.0323715,1617
47.7003937,12.0323219,1615
47.7003479,12.0322962,1613
47.7003136,12.0322723,1612
47.7002754,12.0322351,1610
47.7002258,12.0322390,1608
47.7001724,12.0322037,1606
47.7001228,12.0321865,1605
47.7000580,12.0321941,1603
47.7000275,12.0321712,1602
47.6999969,12.0321388,1601
47.6999512,12.0320845,1599
47.6999245,12.0320377,1597
47.6998940,12.0320120,1594
47.6998558,12.0319767,1592
47.6998024,12.0319319,1589
47.6997528,12.0318832,1588
47.6997452,12.0318556,1583
47.6997375,12.0318480,1587
47.6996841,12.0317612,1585
47.6996574,12.0317163,1582
47.6996346,12.0316944,1581
47.6996040,12.0316639,1579
47.6995811,12.0316105,1578
47.6995506,12.0315809,1577
47.6995316,12.0315170,1575
47.6994858,12.0315638,1572
47.6994781,12.0315762,1571
47.6994362,12.0315914,1569
47.6994133,12.0315990,1568
47.6993523,12.0315962,1567
47.6992912,12.0316019,1566
47.6992760,12.0316076,1565
47.6992340,12.0315714,1564
47.6992302,12.0315752,1564
47.6991844,12.0316219,1564
47.6992302,12.0315857,1561
47.6992683,12.0315027,1560
47.6992798,12.0314016,1560
47.6992378,12.0313272,1557
47.6992111,12.0313425,1555
47.6991730,12.0312672,1554
47.6991653,12.0313168,1551
47.6991692,12.0313253,1551
47.6991577,12.0313787,1549
47.6991043,12.0313540,1547
47.6990623,12.0312862,1544
47.6990128,12.0312805,1542
47.6989326,12.0312853,1540
47.6988907,12.0311956,1537
47.6988220,12.0312109,1535
47.6988068,12.0311899,1534
47.6987610,12.0311956,1532
47.6987190,12.0311832,1531
47.6987114,12.0311832,1532
47.6986809,12.0311556,1529
47.6986885,12.0311270,1529
47.6986275,12.0311594,1527
47.6985817,12.0312300,1526
47.6985283,12.0313559,1524
47.6985016,12.0313892,1522
47.6984863,12.0313730,1521
47.6984406,12.0313377,1518
47.6984024,12.0314016,1517
47.6983910,12.0314245,1515
47.6983414,12.0314274,1513
47.6982880,12.0314322,1511
47.6982460,12.0314484,1510
47.6982307,12.0315266,1509
47.6982536,12.0316105,1508
47.6982498,12.0316849,1506
47.6982040,12.0317383,1504
47.6981926,12.0317898,1502
47.6981812,12.0318127,1502
47.6981430,12.0318813,1499
47.6981125,12.0319462,1497
47.6980591,12.0319681,1496
47.6980095,12.0320053,1495
47.6979561,12.0320044,1493
47.6979027,12.0319862,1489
47.6978645,12.0319519,1488
47.6978264,12.0318937,1485
47.6977768,12.0319414,1485
47.6977654,12.0319309,1482
47.6977615,12.0319185,1481
47.6976967,12.0319309,1481
47.6976204,12.0319233,1479
47.6975670,12.0319738,1478
47.6975174,12.0319977,1476
47.6975060,12.0320101,1475
47.6974068,12.0320663,1475
47.6973915,12.0320940,1475
47.6973076,12.0321102,1474
47.6972961,12.0321274,1473
47.6973419,12.0322227,1473
47.6973419,12.0321856,1475
47.6973343,12.0321512,1472
47.6973228,12.0321417,1472
47.6972351,12.0321131,1470
47.6971779,12.0321045,1469
47.6971779,12.0321083,1459
47.6971779,12.0321188,1469
47.6971741,12.0321217,1469
47.6971817,12.0321007,1469
47.6972427,12.0320730,1473
47.6972580,12.0320644,1470
47.6972389,12.0320740,1469
47.6971359,12.0320940,1470
47.6970711,12.0321045,1466
47.6970329,12.0321493,1465
47.6970215,12.0321074,1464
47.6969147,12.0320692,1460
47.6969032,12.0320597,1464
47.6968689,12.0320473,1462
47.6968231,12.0319757,1462
47.6968040,12.0318689,1460
47.6967926,12.0318270,1461
47.6967735,12.0317554,1459
47.6967125,12.0316772,1457
47.6966782,12.0316944,1456
47.6966209,12.0317240,1454
47.6965370,12.0316973,1453
47.6965218,12.0316801,1455
47.6964378,12.0316257,1454
47.6963997,12.0315666,1455
47.6963005,12.0316715,1454
47.6961784,12.0316534,1454
47.6961594,12.0316553,1451
47.6961441,12.0316410,1451
47.6960869,12.0315647,1449
47.6960831,12.0315552,1448
47.6960526,12.0314484,1445
47.6960030,12.0312901,1443
47.6959801,12.0312481,1442
47.6959343,12.0311251,1440
47.6959114,12.0310411,1439
47.6958923,12.0309801,1439
47.6958656,12.0308914,1437
47.6958504,12.0306883,1436
47.6958351,12.0306673,1436
47.6956902,12.0305939,1435
47.6955757,12.0304556,1434
47.6955109,12.0303431,1433
47.6954346,12.0301657,1432
47.6954193,12.0301380,1432
47.6953278,12.0299788,1431
47.6952438,12.0298843,1431
47.6951637,12.0298338,1430
47.6950111,12.0297832,1430
47.6949043,12.0297604,1427
47.6947861,12.0297194,1423
47.6947479,12.0297089,1422
47.6947098,12.0296946,1421
47.6946259,12.0296803,1420
47.6945610,12.0296383,1420
47.6945038,12.0296507,1420
47.6944962,12.0296679,1418
47.6944962,12.0296631,1420
47.6944962,12.0296507,1420
47.6945076,12.0296612,1401
47.6945038,12.0296640,1417
47.6945000,12.0296707,1420
47.6944962,12.0296764,1420
47.6944885,12.0296974,1420
47.6944695,12.0296869,1419
47.6944695,12.0296993,1419
47.6944427,12.0297146,1417
47.6944695,12.0296764,1422
47.6944809,12.0296717,1420
47.6944847,12.0296698,1418
47.6945152,12.0296278,1418
47.6944885,12.0295820,1418
47.6944923,12.0295544,1419
47.6943817,12.0294199,1417
47.6943398,12.0293865,1415
47.6941910,12.0292234,1412
47.6940613,12.0291090,1408
47.6939468,12.0290194,1407
47.6939392,12.0290108,1407
47.6939316,12.0290031,1407
47.6938934,12.0289545,1407
47.6938896,12.0289402,1405
47.6938591,12.0290060,1403
47.6938477,12.0291338,1400
47.6938362,12.0292301,1398
47.6938286,12.0293484,1395
47.6938133,12.0293932,1393
47.6937714,12.0293884,1392
47.6937561,12.0293884,1390
47.6937180,12.0294218,1388
47.6936913,12.0294323,1387
47.6936493,12.0294113,1386
47.6935883,12.0293865,1385
47.6935463,12.0294151,1382
47.6935196,12.0293941,1382
47.6933937,12.0293131,1379
47.6932945,12.0292282,1377
47.6932373,12.0291843,1375
47.6932068,12.0291414,1372
47.6931992,12.0291338,1371
47.6931458,12.0291529,1369
47.6930962,12.0291271,1368
47.6929970,12.0291252,1365
47.6929321,12.0291100,1365
47.6928711,12.0291014,1367
47.6928635,12.0291042,1363
47.6928253,12.0290642,1363
47.6927795,12.0290518,1362
47.6927414,12.0290232,1358
47.6926956,12.0289927,1357
47.6926422,12.0289869,1353
47.6926384,12.0289812,1354
47.6926308,12.0289726,1352
47.6925964,12.0289831,1350
47.6925964,12.0289869,1350
47.6925354,12.0289421,1348
47.6924667,12.0289164,1347
47.6924171,12.0288849,1346
47.6923714,12.0288763,1345
47.6923370,12.0288639,1344
47.6923256,12.0288544,1344
47.6922874,12.0288496,1343
47.6922340,12.0288553,1347
47.6921730,12.0289631,1343
47.6921158,12.0289927,1343
47.6921196,12.0289955,1343
47.6920929,12.0289927,1341
47.6920662,12.0290041,1340
47.6919899,12.0289907,1339
47.6918755,12.0289211,1334
47.6918678,12.0289154,1338
47.6918335,12.0288925,1334
47.6917572,12.0288572,1335
47.6917610,12.0288620,1335
47.6917419,12.0288506,1333
47.6917152,12.0288277,1334
47.6917114,12.0288429,1332
47.6916580,12.0288496,1330
47.6916275,12.0288401,1327
47.6916237,12.0288429,1327
47.6915855,12.0288219,1325
47.6915627,12.0289021,1325
47.6915245,12.0290060,1322
47.6914902,12.0291443,1319
47.6914864,12.0291796,1318
47.6915016,12.0292149,1312
47.6915054,12.0292177,1321
47.6914978,12.0292416,1317
47.6914978,12.0292530,1317
47.6915131,12.0293045,1317
47.6915169,12.0293016,1314
47.6915207,12.0293093,1318
47.6915321,12.0293245,1314
47.6915359,12.0293264,1318
47.6915398,12.0293341,1314
47.6915398,12.0293398,1317
47.6915474,12.0294132,1316
47.6915016,12.0294075,1314
47.6914482,12.0293579,1312
47.6913986,12.0293169,1310
47.6913605,12.0292587,1310
47.6913452,12.0292463,1309
47.6912308,12.0291777,1305
47.6911240,12.0292015,1303
47.6910629,12.0291920,1302
47.6910095,12.0291805,1300
47.6909866,12.0291719,1299
47.6909065,12.0291328,1298
47.6908150,12.0291290,1297
47.6907921,12.0291195,1295
47.6907349,12.0290852,1294
47.6906471,12.0289965,1291
47.6906242,12.0289602,1290
47.6905823,12.0289564,1289
47.6905365,12.0288916,1286
47.6905289,12.0288897,1285
47.6904755,12.0288734,1282
47.6904411,12.0287971,1282
47.6903915,12.0287666,1279
47.6903381,12.0286589,1277
47.6902809,12.0285997,1276
47.6902351,12.0286179,1272
47.6902275,12.0286245,1272
47.6901855,12.0286636,1270
47.6901588,12.0286875,1269
47.6900787,12.0287428,1267
47.6900215,12.0287685,1265
47.6899948,12.0287476,1264
47.6900063,12.0287142,1266
47.6900024,12.0287542,1265
47.6899948,12.0287771,1266
47.6899796,12.0288839,1265
47.6899796,12.0289307,1263
47.6899796,12.0290260,1263
47.6899643,12.0291243,1262
47.6899757,12.0291958,1263
47.6899567,12.0292149,1261
47.6899986,12.0292702,1261
47.6900101,12.0293236,1261
47.6900330,12.0293560,1260
47.6900482,12.0293837,1261
47.6901207,12.0294981,1262
47.6901474,12.0295258,1259
47.6901894,12.0295677,1261
47.6902237,12.0296078,1261
47.6902924,12.0296888,1259
47.6903534,12.0297565,1258
47.6903610,12.0297670,1261
47.6903648,12.0297775,1260
47.6903801,12.0297985,1260
47.6904335,12.0298758,1259
47.6905136,12.0300150,1258
47.6905327,12.0300360,1257
47.6906319,12.0301600,1257
47.6907043,12.0303202,1257
47.6907234,12.0303564,1255
47.6907692,12.0304651,1254
47.6907768,12.0305023,1257
47.6907997,12.0305700,1255
47.6908302,12.0306463,1255
47.6909142,12.0308008,1255
47.6909904,12.0309401,1254
47.6910362,12.0310373,1252
47.6910591,12.0310736,1251
47.6910896,12.0311699,1250
47.6911507,12.0313168,1250
47.6912193,12.0314398,1248
47.6913300,12.0316095,1248
47.6914330,12.0317888,1247
47.6914368,12.0318470,1244
47.6914558,12.0318537,1247
47.6914940,12.0318613,1246
47.6915245,12.0319204,1246
47.6915512,12.0320969,1245
47.6915741,12.0321836,1244
47.6916084,12.0322437,1243
47.6916199,12.0322723,1242
47.6916618,12.0323658,1241
47.6916733,12.0323954,1242
47.6916809,12.0324984,1242
47.6916924,12.0325508,1241
47.6916962,12.0325880,1241
47.6917343,12.0326338,1242
47.6917496,12.0326443,1241
47.6918297,12.0327187,1239
47.6919250,12.0328550,1239
47.6919785,12.0329905,1241
47.6920280,12.0331059,1239
47.6920357,12.0332623,1240
47.6920662,12.0334377,1237
47.6920662,12.0335503,1237
47.6920776,12.0336571,1236
47.6920815,12.0336723,1235
47.6920586,12.0337019,1234
47.6919212,12.0338087,1236
47.6918831,12.0338335,1234
47.6917381,12.0339174,1234
47.6917114,12.0339298,1236
47.6915779,12.0340233,1236
47.6915359,12.0340595,1236
47.6914787,12.0341206,1234
47.6914062,12.0342436,1234
47.6913300,12.0343409,1234
47.6912460,12.0344200,1233
47.6911392,12.0345097,1233
47.6911125,12.0345659,1233
47.6910515,12.0346661,1231
47.6910133,12.0347366,1229
47.6909637,12.0348845,1227
47.6909142,12.0350323,1224
47.6908951,12.0351601,1223
47.6908836,12.0352707,1222
47.6908760,12.0354443,1221
47.6908798,12.0355968,1218
47.6908798,12.0356379,1218
47.6908875,12.0357103,1216
47.6908836,12.0358248,1217
47.6908455,12.0359097,1216
47.6908226,12.0359583,1214
47.6907578,12.0360537,1211
47.6906853,12.0361862,1209
47.6906509,12.0363131,1207
47.6906471,12.0363274,1206
47.6906204,12.0364418,1205
47.6905861,12.0365105,1204
47.6905632,12.0365906,1203
47.6905441,12.0366182,1202
47.6904716,12.0367212,1201
47.6903992,12.0368452,1198
47.6903496,12.0369310,1197
47.6903343,12.0369768,1198
47.6903114,12.0369978,1196
47.6902924,12.0370378,1196
47.6902466,12.0371656,1194
47.6902504,12.0371790,1194
47.6902428,12.0372229,1193
47.6902084,12.0372982,1192
47.6901894,12.0374918,1191
47.6901703,12.0375462,1190
47.6901550,12.0375967,1191
47.6901360,12.0376520,1190
47.6901093,12.0376835,1189
47.6900787,12.0377827,1189
47.6900406,12.0379190,1186
47.6899796,12.0380468,1187
47.6899376,12.0381203,1186
47.6899071,12.0381718,1184
47.6898994,12.0382109,1184
47.6898689,12.0383883,1184
47.6899185,12.0386038,1181
47.6899681,12.0387640,1181
47.6900063,12.0389051,1180
47.6900253,12.0389814,1180
47.6900291,12.0390940,1180
47.6900330,12.0391397,1181
47.6900368,12.0391521,1181
47.6900406,12.0392780,1181
47.6900444,12.0393095,1181
47.6900520,12.0394258,1179
47.6900635,12.0394716,1175
47.6900406,12.0394659,1176
47.6900406,12.0394535,1179
47.6900482,12.0394573,1177
47.6900597,12.0394840,1176
47.6900673,12.0395432,1178
47.6900711,12.0395756,1176
47.6900826,12.0396252,1175
47.6901054,12.0397396,1172
47.6901169,12.0397902,1173
47.6901169,12.0398369,1172
47.6901436,12.0399780,1171
47.6901627,12.0401411,1170
47.6901932,12.0403385,1169
47.6901932,12.0403509,1169
47.6901970,12.0405340,1168
47.6901207,12.0406713,1165
47.6900749,12.0407143,1164
47.6900139,12.0407839,1162
47.6900444,12.0408516,1162
47.6901054,12.0409946,1158
47.6901169,12.0410204,1158
47.6901398,12.0410757,1157
47.6902046,12.0412064,1155
47.6902199,12.0412664,1154
47.6902695,12.0413256,1153
47.6902962,12.0413342,1152
47.6903496,12.0413723,1150
47.6903992,12.0414190,1149
47.6904869,12.0414925,1148
47.6904831,12.0416031,1147
47.6904678,12.0416708,1147
47.6904793,12.0416794,1150
47.6904831,12.0416813,1147
47.6904945,12.0416851,1150
47.6904488,12.0417261,1147
47.6903954,12.0417738,1150
47.6903954,12.0417633,1142
47.6903801,12.0417862,1153
47.6903801,12.0417738,1150
47.6903763,12.0417585,1154
47.6903763,12.0417528,1146
47.6903839,12.0417385,1148
47.6903801,12.0417385,1147
47.6903076,12.0417109,1149
47.6903381,12.0416908,1152
47.6903534,12.0416908,1148
47.6904106,12.0416880,1147
47.6904678,12.0416546,1148
47.6905556,12.0416622,1147
47.6905746,12.0415907,1148
47.6905746,12.0415564,1152
47.6905937,12.0415268,1149
47.6905861,12.0415564,1150
47.6904716,12.0416470,1145
47.6904755,12.0416574,1150
47.6904831,12.0417194,1150
47.6904602,12.0417061,1150
47.6903839,12.0417509,1148
47.6903076,12.0417805,1152
47.6902847,12.0418081,1148
47.6902771,12.0418196,1152
47.6902390,12.0418434,1148
47.6902237,12.0418472,1152
47.6902046,12.0418491,1148
47.6901932,12.0418520,1151
47.6901627,12.0418644,1150
47.6900520,12.0419397,1150
47.6900215,12.0419788,1149
47.6899757,12.0420208,1150
47.6899567,12.0420361,1151
47.6898727,12.0421591,1151
47.6898346,12.0422287,1152
47.6898270,12.0422525,1153
47.6898041,12.0423117,1153
47.6897507,12.0424309,1154
47.6897316,12.0424719,1155
47.6897049,12.0425453,1154
47.6896858,12.0426197,1152
47.6896706,12.0426836,1153
47.6895866,12.0428667,1152
47.6894798,12.0429239,1148
47.6894302,12.0429420,1147
47.6893044,12.0430202,1146
47.6892395,12.0430889,1145
47.6892014,12.0431404,1143
47.6891708,12.0431900,1143
47.6890793,12.0433273,1139
47.6890373,12.0435162,1138
47.6890259,12.0436220,1136
47.6890106,12.0437117,1136
47.6890297,12.0438547,1136
47.6890450,12.0439310,1137
47.6890984,12.0440874,1135
47.6891174,12.0441256,1137
47.6891251,12.0441351,1134
47.6891327,12.0441456,1139
47.6891518,12.0441761,1136
47.6891594,12.0441895,1139
47.6891632,12.0441999,1138
47.6892128,12.0443153,1138
47.6892319,12.0443964,1139
47.6892319,12.0444927,1137
47.6892166,12.0445395,1138
47.6892433,12.0446796,1138
47.6892662,12.0447884,1135
47.6892738,12.0448170,1138
47.6893005,12.0449715,1137
47.6893082,12.0449982,1138
47.6893120,12.0450191,1139
47.6893501,12.0451250,1140
47.6893578,12.0451517,1136
47.6893616,12.0451651,1140
47.6893730,12.0452213,1137
47.6893845,12.0453472,1137
47.6894112,12.0454435,1136
47.6894379,12.0455112,1135
47.6894455,12.0455379,1138
47.6894836,12.0456076,1136
47.6894913,12.0456324,1137
47.6895218,12.0457716,1134
47.6895332,12.0457716,1135
47.6895409,12.0457773,1137
47.6895523,12.0457945,1135
47.6895638,12.0458059,1135
47.6896553,12.0459061,1135
47.6896629,12.0459137,1135
47.6897240,12.0459719,1132
47.6897545,12.0459843,1134
47.6897850,12.0459795,1133
47.6898041,12.0459785,1134
47.6899567,12.0460405,1137
47.6901016,12.0462351,1136
47.6901665,12.0464745,1134
47.6902275,12.0466623,1132
47.6903267,12.0468931,1131
47.6903534,12.0470476,1128
47.6903648,12.0470839,1128
47.6903687,12.0470858,1128
47.6903954,12.0472631,1127
47.6904335,12.0474834,1123
47.6904335,12.0474958,1123
47.6904373,12.0475168,1126
47.6904449,12.0475302,1124
47.6904831,12.0476274,1123
47.6905060,12.0476589,1122
47.6905251,12.0477161,1120
47.6905785,12.0478277,1119
47.6906700,12.0479279,1121
47.6907082,12.0479708,1121
47.6907463,12.0480433,1119
47.6907501,12.0481873,1118
47.6907387,12.0482206,1118
47.6906395,12.0482759,1115
47.6906281,12.0482769,1117
47.6906166,12.0482855,1115
47.6906128,12.0482817,1115
47.6905556,12.0482750,1114
47.6904945,12.0483007,1112
47.6904869,12.0483017,1112
47.6904488,12.0483360,1112
47.6903610,12.0483580,1110
47.6903419,12.0483847,1110
47.6903381,12.0484343,1109
47.6903381,12.0484648,1110
47.6903381,12.0485659,1108
47.6902847,12.0487156,1105
47.6902466,12.0488138,1103
47.6901665,12.0489397,1101
47.6900787,12.0490236,1097
47.6900711,12.0490322,1097
47.6900406,12.0490541,1098
47.6899796,12.0491667,1094
47.6899376,12.0492439,1093
47.6898842,12.0493679,1091
47.6898537,12.0494776,1091
47.6898422,12.0494795,1090
47.6897850,12.0495243,1088
47.6897583,12.0495195,1087
47.6896820,12.0495996,1088
47.6896629,12.0496588,1083
47.6896515,12.0496635,1089
47.6896477,12.0496655,1085
47.6896439,12.0496674,1089
47.6896439,12.0496712,1084
47.6896439,12.0496798,1089
47.6895981,12.0497885,1085
47.6895790,12.0498629,1085
47.6895256,12.0499420,1083
47.6895218,12.0499468,1079
47.6895103,12.0499516,1085
47.6893883,12.0499306,1083
47.6893730,12.0499277,1082
47.6893387,12.0499392,1082
47.6892700,12.0500536,1080
47.6892586,12.0501423,1079
47.6892471,12.0501881,1076
47.6892090,12.0502272,1075
47.6892052,12.0502634,1074
47.6891937,12.0504017,1072
47.6891937,12.0504398,1071
47.6891899,12.0505180,1070
47.6891937,12.0505323,1068
47.6891899,12.0505838,1067
47.6892014,12.0506830,1065
47.6891823,12.0507774,1064
47.6891365,12.0508118,1061
47.6891365,12.0508585,1060
47.6891251,12.0509300,1058
47.6891251,12.0510187,1056
47.6891136,12.0510731,1054
47.6890831,12.0511560,1051
47.6890259,12.0512123,1049
47.6889839,12.0512371,1047
47.6889572,12.0512924,1047
47.6890411,12.0513697,1045
47.6890411,12.0514355,1043
47.6890678,12.0514336,1042
47.6890793,12.0514679,1039
47.6890793,12.0514717,1043
47.6890907,12.0514755,1037
47.6890945,12.0514812,1042
47.6891060,12.0515413,1039
47.6890907,12.0515881,1036
47.6890907,12.0516024,1040
47.6890602,12.0517159,1038
47.6890373,12.0518360,1037
47.6890106,12.0518684,1036
47.6889229,12.0519667,1034
47.6888962,12.0519934,1033
47.6888657,12.0519991,1032
47.6887970,12.0520983,1032
47.6887589,12.0521460,1030
47.6887283,12.0521698,1029
47.6886978,12.0521727,1029
47.6886940,12.0521746,1028
47.6886673,12.0522690,1028
47.6886559,12.0523205,1027
47.6886215,12.0524063,1023
47.6886215,12.0524168,1023
47.6885757,12.0524569,1022
47.6885071,12.0524635,1021
47.6884804,12.0525455,1019
47.6884804,12.0525503,1020
47.6884727,12.0526266,1020
47.6884613,12.0526466,1020
47.6884079,12.0526943,1020
47.6883507,12.0528412,1019
47.6883774,12.0529442,1018
47.6883850,12.0530529,1018
47.6883774,12.0530968,1017
47.6883736,12.0532255,1017
47.6883774,12.0532703,1016
47.6883659,12.0533133,1017
47.6883583,12.0534086,1016
47.6884155,12.0535097,1015
47.6884346,12.0535641,1015
47.6884422,12.0535793,1015
47.6884384,12.0537329,1015
47.6884422,12.0537252,1017
47.6884880,12.0537500,1015
47.6885033,12.0537853,1015
47.6884995,12.0538330,1015
47.6884995,12.0539713,1014
47.6884499,12.0540714,1014
47.6883774,12.0541534,1015
47.6883316,12.0542135,1014
47.6882744,12.0543642,1015
47.6881905,12.0545387,1015
47.6880913,12.0546865,1015
47.6879578,12.0547714,1014
47.6877861,12.0548248,1013
47.6876411,12.0548706,1013
47.6875038,12.0549126,1013
47.6873856,12.0549374,1013
47.6872330,12.0549755,1013
47.6870880,12.0550823,1015
47.6869888,12.0551291,1015
47.6868553,12.0551767,1014
47.6868095,12.0551825,1014
47.6868362,12.0551739,1014
47.6867981,12.0551901,1014
47.6866760,12.0552444,1013
47.6865768,12.0552835,1010
47.6865311,12.0553122,1011
47.6865234,12.0553274,1012
47.6865005,12.0553312,1012
47.6864815,12.0553875,1011
47.6864891,12.0554504,1010
47.6865501,12.0557117,1011
47.6865730,12.0559368,1011
47.6865692,12.0559893,1010
47.6865654,12.0560246,1011
47.6865120,12.0562458,1011
47.6865005,12.0562897,1011
47.6864891,12.0564051,1011
47.6864624,12.0564489,1010
47.6863556,12.0566339,1010
47.6863060,12.0567064,1010
47.6862717,12.0567427,1009
47.6862144,12.0568600,1012
47.6862106,12.0568638,1009
47.6861687,12.0569115,1009
47.6862144,12.0568600,488
47.7874756,12.1418629,487
47.7876244,12.1416779,483
47.7876167,12.1417103,480
47.7876205,12.1417084,480
47.7876434,12.1416969,476
47.7876511,12.1416903,475
47.7876358,12.1417236,473
47.7876320,12.1417322,472
47.7876091,12.1417723,469
47.7876472,12.1417227,466
47.7876091,12.1417723,465
47.7875748,12.1418200,464
47.7875404,12.1418438,461
47.7876854,12.1416330,459
47.7877579,12.1414900,459
