4
1115508
7081108
1=STATION1

3
1139093
7081574
2=STATION2

3
1148494
7089375
3=STATION3

3
1150983
7092794
4=STATION5

3
1154458
7093357
5=STATION6

3
1157352
7094649
6=STATION7

3
1163486
7094983
7=STATION8

3
1165179
7093995
8=STATION9

3
1166533
7092296
9=STATION10

3
1168445
7090211
10=STATION11

3
1173304
7089346
11=STATION13

3
1175355
7089893
12=STATION14

3
1177097
7089877
13=STATION15

3
1178852
7090091
14=STATION16

3
1180598
7090272
15=STATION17

3
1183370
7090178
16=STATION18

3
1185429
7090913
17=STATION19

3
1190193
7093603
18=STATION20

3
1196357
7098571
19=STATION21

3
1196905
7105466
20=STATION22

3
1189550
7108014
21=STATION23

3
1182881
7111978
22=STATION24

3
1175381
7114731
23=STATION25

3
1170442
7114911
24=STATION26

3
1168470
7112258
25=STATION27

3
1164771
7109812
26=STATION28

3
1160286
7111869
27=STATION29

3
1156928
7109632
28=STATION30

3
1153565
7113439
29=STATION31

3
1152749
7116296
30=STATION32

3
1150088
7116814
31=STATION33

3
1146841
7115645
32=STATION34

3
1146988
7113480
33=STATION35

3
1148929
7113916
34=STATION36

3
1152125
7111110
35=STATION37

3
1150646
7104531
36=STATION38

3
1149467
7101436
37=STATION39

3
1147441
7098992
38=STATION40

3
1147128
7095557
39=STATION41

3
1144516
7092454
40=STATION43

3
1138352
7089963
41=STATION44

3
1129876
7089410
42=STATION45

4
1115508
7081108
43=STATION46

