# Each record includes the following fields
#
# Latitude in decimal degrees (negative is south)
# Longitude in deciaml degrees (negative is west)
# Altitude in meters
# Local Date (yyyymmdd)
52.98348010,10.56507110,32,20070713
52.98616710,10.56901930,37,20070713
52.98926720,10.56833260,49,20070713
52.99247050,10.57279580,50,20070713
52.99288380,10.57725900,50,20070713
53.00528100,10.59854500,42,20070713
53.00517770,10.60352320,49,20070713
53.01591920,10.59803000,66,20070713
53.02789690,10.60541150,53,20070713
53.03729080,10.60438150,37,20070713
53.03925200,10.60472480,33,20070713
53.04410280,10.60283660,33,20070713
53.04606360,10.60249320,32,20070713
53.04740510,10.60317990,30,20070713
53.05277090,10.60798640,34,20070713
53.05823920,10.61038970,29,20070713
53.06525420,10.61450950,35,20070713
53.06762660,10.62068930,36,20070713
53.06979260,10.62549590,41,20070713
53.07195850,10.62686920,41,20070713
53.07567130,10.62755580,44,20070713
53.07794000,10.63665390,38,20070713
53.08330200,10.63716880,39,20070713
53.08938500,10.64764020,50,20070713
53.09474560,10.64952850,52,20070713
53.09670410,10.65107340,52,20070713
53.09959010,10.65279000,46,20070713
53.10278520,10.65485000,56,20070713
53.10515560,10.65364830,49,20070713
53.10577390,10.65055840,52,20070713
53.11154460,10.64867010,50,20070713
53.11422360,10.64609520,52,20070713
53.11628420,10.64077370,60,20070713
53.11947800,10.64077370,70,20070713
53.12638000,10.63991540,64,20070713
53.13039700,10.63785550,65,20070713
53.13266290,10.63613890,65,20070713
53.13585550,10.63631050,67,20070713
53.13997460,10.62995910,62,20070713
53.14615250,10.62189100,58,20070713
53.14718210,10.61777110,59,20070713
53.15788820,10.62051770,65,20070713
53.16890030,10.61674110,69,20070713
53.17311920,10.62549590,75,20070713
53.17908660,10.62995910,73,20070713
53.18916760,10.62978740,56,20070713
53.19379580,10.63510890,65,20070713
53.19554410,10.63545220,67,20070713
53.19698380,10.64008710,72,20070713
53.20191970,10.64128870,55,20070713
53.20726630,10.64609520,56,20070713
53.21775180,10.64970010,52,20070713
53.21898520,10.65158840,57,20070713
53.22679600,10.65536490,33,20070713
53.22987890,10.65433500,26,20070713
53.23142020,10.65347670,27,20070713
53.23470820,10.65416330,27,20070713
53.24200260,10.64678190,23,20070713
53.24888480,10.63510890,30,20070713
53.25165790,10.63442230,37,20070713
53.25699830,10.63184730,51,20070713
53.25997630,10.62635420,38,20070713
53.26223530,10.62755580,30,20070713
53.26541820,10.62601080,24,20070713
53.26623960,10.62772750,27,20070713
53.26695830,10.63596720,26,20070713
53.26582890,10.65553660,37,20070713
53.26860090,10.67012780,29,20070713
53.27352860,10.68437570,17,20070713
53.27434980,10.68866720,18,20070713
53.27886620,10.70154190,22,20070713
53.28666610,10.72574610,10,20070713
53.29138640,10.73278420,12,20070713
53.28789750,10.73844900,12,20070713
53.28399790,10.74171060,12,20070713
53.28512670,10.75269690,12,20070713
53.28122680,10.75544350,12,20070713
53.27866090,10.76162330,26,20070713
53.27691600,10.77501290,22,20070713
53.27476040,10.77810280,24,20070713
53.26582890,10.79355230,19,20070713
53.26398080,10.80608360,18,20070713
53.25802520,10.80488200,54,20070713
53.25340390,10.81707000,69,20070713
53.25237690,10.81483840,66,20070713
53.25350660,10.82136150,40,20070713
53.24837120,10.82685470,43,20070713
53.24415980,10.83492270,26,20070713
53.23871510,10.84539410,19,20070713
53.23850960,10.85105890,15,20070713
53.23357800,10.86633680,19,20070713
53.23131750,10.87800970,15,20070713
53.22802920,10.88109970,14,20070713
53.22710430,10.88487620,20,20070713
53.21970470,10.88075630,17,20070713
53.21189250,10.87818140,38,20070713
53.20808870,10.87766640,32,20070713
53.20736910,10.87491980,26,20070713
53.19914340,10.87921140,30,20070713
53.19770370,10.87818140,30,20070713
53.19317870,10.88144300,31,20070713
53.19081320,10.88590620,32,20070713
53.18978470,10.89208600,46,20070713
53.18978470,10.90307230,64,20070713
53.19101890,10.90770720,67,20070713
53.18752190,10.91886520,48,20070713
53.18381880,10.92967980,48,20070713
53.17846930,10.94667430,59,20070713
53.16972350,10.97276680,69,20070713
53.16612180,10.97808830,71,20070713
53.16447520,10.98169320,55,20070713
53.16046140,10.99542610,42,20070713
53.15387370,11.01156230,39,20070713
53.15078540,11.02375030,29,20070713
53.15099130,11.03473660,24,20070713
53.14882940,11.03782650,19,20070713
53.14769690,11.04452130,15,20070713
53.14821170,11.05035780,11,20070713
53.14903530,11.05241770,11,20070713
53.14903530,11.05585090,13,20070713
53.14677030,11.06082910,13,20070713
53.14326960,11.06460570,10,20070713
53.13976860,11.06855390,16,20070713
53.13770910,11.07610700,10,20070713
53.13709120,11.08022680,14,20070713
53.13492860,11.08554840,11,20070713
53.13379580,11.09275810,10,20070713
53.13585550,11.10013960,11,20070713
53.13822400,11.11129760,14,20070713
53.14090130,11.12005230,11,20070713
53.14038650,11.12279890,11,20070713
53.14357850,11.12262720,14,20070713
53.14821170,11.11988060,17,20070713
53.15366780,11.12485880,12,20070713
53.16149060,11.13670340,16,20070713
53.16097600,11.13756170,17,20070713
53.16138770,11.14082330,15,20070713
53.16324020,11.14168160,13,20070713
53.16416650,11.14528650,18,20070713
53.16416650,11.15060800,14,20070713
53.16210810,11.15524290,13,20070713
53.15541780,11.15816110,15,20070713
53.15438840,11.16039270,11,20070713
53.15212370,11.16296760,14,20070713
53.15222660,11.16502760,14,20070713
53.14893230,11.16760250,13,20070713
53.14481410,11.16657250,13,20070713
53.14162210,11.17000570,13,20070713
53.13595840,11.17704390,15,20070713
53.13451670,11.17841720,15,20070713
53.13008800,11.18047710,15,20070713
53.12133240,11.19009010,14,20070713
53.12359870,11.19695660,17,20070713
53.12071430,11.19987480,12,20070713
53.11381140,11.19918820,13,20070713
53.10144540,11.17034910,25,20070713
53.10051780,11.16193770,22,20070713
53.10453720,11.14425650,21,20070713
53.10299130,11.12417220,13,20070713
53.09938400,11.12108230,14,20070713
53.10319740,11.10683440,14,20070713
53.10278520,11.10477440,15,20070713
53.10350660,11.10168450,11,20070713
53.10051780,11.09378810,13,20070713
53.09701330,11.09052650,16,20070713
53.09484870,11.08263010,12,20070713
53.09587950,11.07610700,14,20070713
53.09866250,11.06975550,16,20070713
53.10103310,11.05825420,19,20070713
53.10412500,11.04606620,33,20070713
53.10701050,11.02632520,32,20070713
53.10896850,11.01945870,40,20070713
53.11432660,11.00830070,58,20070713
53.11576910,11.00297920,72,20070713
53.11721150,10.99216460,75,20070713
53.12143540,10.98443980,68,20070713
53.12761600,10.97379680,45,20070713
53.13029400,10.96212380,36,20070713
53.12988200,10.95474240,42,20070713
53.12885200,10.94324110,49,20070713
53.12689500,10.93173980,61,20070713
53.12710100,10.92418670,89,20070713
53.12864600,10.90307230,88,20070713
53.13358980,10.89242930,99,20070713
53.13482560,10.88933940,94,20070713
53.13595840,10.88453290,91,20070713
53.13873890,10.87886810,73,20070713
53.13770910,10.87543480,66,20070713
53.13225090,10.87200160,68,20070713
53.12802800,10.86496350,76,20070713
53.12133240,10.86238860,78,20070713
53.11494480,10.85397720,80,20070713
53.11113240,10.84144590,93,20070713
53.10886540,10.82427970,103,20070713
53.10618610,10.80402370,79,20070713
53.09979630,10.78891750,80,20070713
53.09247770,10.77861780,78,20070713
53.09299320,10.77312460,84,20070713
53.09505480,10.75063700,61,20070713
53.09505480,10.74445720,54,20070713
53.09319930,10.73020930,63,20070713
53.09433330,10.72523110,56,20070713
53.09165300,10.71836470,56,20070713
53.09154990,10.70531840,60,20070713
53.09247770,10.67888250,72,20070713
53.09577640,10.65828320,57,20070713
53.09649790,10.65416330,47,20070713
53.09402400,10.64197540,57,20070713
53.09154990,10.62326430,67,20070713
53.08845710,10.61038970,69,20070713
53.08453930,10.59579840,46,20070713
53.07989930,10.58961860,34,20070713
53.07670250,10.58258050,33,20070713
53.06999890,10.58292380,37,20070713
53.06432580,10.58498380,34,20070713
53.05999310,10.58446880,38,20070713
53.05813610,10.58687210,33,20070713
53.05029450,10.58309550,48,20070713
53.04214190,10.57571410,38,20070713
53.03935520,10.57502740,31,20070713
53.03295540,10.57485580,35,20070713
53.02665800,10.57004920,38,20070713
53.02397350,10.56798930,36,20070713
53.02087590,10.56730270,34,20070713
53.01581590,10.56369780,35,20070713
53.01168490,10.56747430,45,20070713
53.00848310,10.56901930,54,20070713
53.00724360,10.56850430,55,20070713
53.00528100,10.56404110,48,20070713
53.00342170,10.56592940,43,20070713
52.99866960,10.56455610,43,20070713
52.99835970,10.56678770,45,20070713
52.99019720,10.56884760,51,20070713
